0	0	2.44949
0.005	0.0122474	2.44946
0.055	0.134654	2.44579
0.105	0.256726	2.43607
0.155	0.378163	2.42047
0.205	0.498679	2.39926
0.255	0.618001	2.37278
0.305	0.735877	2.34147
0.355	0.852076	2.30583
0.405	0.966396	2.26639
0.455	1.07866	2.22374
0.505	1.18873	2.17846
0.555	1.29647	2.13115
0.605	1.40182	2.08239
0.655	1.5047	2.03276
0.705	1.60509	1.98278
0.755	1.70298	1.93298
0.805	1.7984	1.88381
0.855	1.89138	1.83569
0.905	1.98199	1.78902
0.955	2.07031	1.74413
1.005	2.15644	1.70133
1.055	2.24048	1.66088
1.105	2.32257	1.623
1.155	2.40283	1.58789
1.205	2.48141	1.55571
1.255	2.55845	1.52661
1.305	2.63412	1.50068
1.355	2.70857	1.47804
1.405	2.78198	1.45874
1.455	2.8545	1.44286
1.505	2.92632	1.43044
1.555	2.99761	1.42151
1.605	3.06853	1.4161
1.655	3.13928	1.41422
1.705	3.21001	1.41587
1.755	3.28092	1.42105
1.805	3.35218	1.42975
1.855	3.42395	1.44194
1.905	3.49643	1.4576
1.955	3.56977	1.47667
2.005	3.64415	1.4991
2.055	3.71974	1.52481
2.105	3.79669	1.55371
2.155	3.87516	1.58569
2.205	3.9553	1.62061
2.255	4.03727	1.65832
2.305	4.12118	1.69861
2.355	4.20717	1.74126
2.405	4.29534	1.78602
2.455	4.3858	1.83259
2.505	4.47862	1.88062
2.555	4.57388	1.92973
2.605	4.67161	1.97951
2.655	4.77183	2.02949
2.705	4.87455	2.07916
2.755	4.97973	2.12799
2.805	5.08733	2.17541
2.855	5.19724	2.22085
2.905	5.30937	2.26369
2.955	5.42356	2.30335
3.005	5.53964	2.33926
3.055	5.65741	2.37087
3.105	5.77665	2.39768
3.155	5.89709	2.41925
3.205	6.01848	2.43523
3.255	6.14052	2.44534
3.305	6.26291	2.44941
3.355	6.38536	2.44736
3.405	6.50755	2.43924
3.455	6.62918	2.42518
3.505	6.74997	2.40542
3.555	6.86963	2.3803
3.605	6.98792	2.35023
3.655	7.10458	2.31569
3.705	7.21942	2.2772
3.755	7.33225	2.23535
3.805	7.44291	2.1907
3.855	7.55128	2.14387
3.905	7.65727	2.09545
3.955	7.76081	2.04599
4.005	7.86186	1.99606
4.055	7.96041	1.94616
4.105	8.05648	1.89678
4.155	8.15011	1.84834
4.205	8.24134	1.80125
4.255	8.33026	1.75586
4.305	8.41696	1.71248
4.355	8.50155	1.67138
4.405	8.58414	1.6328
4.455	8.66487	1.59693
4.505	8.74388	1.56396
4.555	8.82132	1.53403
4.605	8.89734	1.50725
4.655	8.9721	1.48373
4.705	9.04577	1.46354
4.755	9.11851	1.44674
4.805	9.1905	1.4334
4.855	9.26191	1.42354
4.905	9.33291	1.41719
4.955	9.40368	1.41437
5.005	9.47441	1.41508
5.055	9.54525	1.41933
5.105	9.6164	1.4271
5.155	9.68802	1.43837
5.205	9.76029	1.45311
5.255	9.83339	1.47128
5.305	9.90748	1.49282
5.355	9.98273	1.51767
5.405	10.0593	1.54573
5.455	10.1374	1.57691
5.505	10.217	1.61106
5.555	10.2985	1.64804
5.605	10.3819	1.68767
5.655	10.4673	1.72972
5.705	10.5549	1.77395
5.755	10.6447	1.82006
5.805	10.7369	1.86774
5.855	10.8315	1.91661
5.905	10.9286	1.96625
5.955	11.0282	2.01622
6.005	11.1302	2.06603
6.055	11.2348	2.11514
6.105	11.3417	2.16299
6.155	11.451	2.20901
6.205	11.5626	2.2526
6.255	11.6762	2.29317
6.305	11.7918	2.33013
6.355	11.9092	2.36293
6.405	12.028	2.39105
6.455	12.1482	2.41406
6.505	12.2694	2.43155
6.555	12.3913	2.44324
6.605	12.5136	2.44892
6.655	12.636	2.4485
6.705	12.7583	2.44198
6.755	12.8801	2.42948
6.805	13.0012	2.4112
6.855	13.1212	2.38747
6.905	13.2398	2.35867
6.955	13.357	2.32526
7.005	13.4723	2.28777
7.055	13.5857	2.24676
7.105	13.6969	2.2028
7.155	13.8059	2.15649
7.205	13.9125	2.10843
7.255	14.0167	2.05919
7.305	14.1185	2.00933
7.355	14.2177	1.95938
7.405	14.3144	1.90981
7.455	14.4087	1.86109
7.505	14.5005	1.8136
7.555	14.5901	1.76773
7.605	14.6773	1.72379
7.655	14.7625	1.68206
7.705	14.8456	1.64278
7.755	14.9268	1.60618
7.805	15.0062	1.57243
7.855	15.0841	1.54167
7.905	15.1605	1.51405
7.955	15.2355	1.48965
8.005	15.3095	1.46857
8.055	15.3825	1.45087
8.105	15.4546	1.43661
8.155	15.5262	1.42582
8.205	15.5973	1.41853
8.255	15.6681	1.41478
8.305	15.7388	1.41455
8.355	15.8096	1.41786
8.405	15.8807	1.42469
8.455	15.9521	1.43503
8.505	16.0242	1.44886
8.555	16.0971	1.46612
8.605	16.1709	1.48677
8.655	16.2458	1.51075
8.705	16.322	1.53797
8.755	16.3997	1.56833
8.805	16.4789	1.60171
8.855	16.5599	1.63796
8.905	16.6427	1.6769
8.955	16.7276	1.71833
9.005	16.8146	1.76201
9.055	16.9038	1.80765
9.105	16.9954	1.85495
9.155	17.0894	1.90354
9.205	17.1858	1.95302
9.255	17.2847	2.00295
9.305	17.3861	2.05285
9.355	17.4899	2.1022
9.405	17.5963	2.15044
9.455	17.705	2.197
9.505	17.8159	2.2413
9.555	17.929	2.28272
9.605	18.0441	2.32069
9.655	18.161	2.35465
9.705	18.2795	2.38407
9.755	18.3994	2.40847
9.805	18.5203	2.42746
9.855	18.642	2.44071
9.905	18.7643	2.44801
9.955	18.8867	2.44921
10.005	19.0091	2.4443
10.055	19.131	2.43337
10.105	19.2523	2.4166
10.155	19.3726	2.39428
10.205	19.4917	2.36679
10.255	19.6092	2.33455
10.305	19.725	2.2981
10.355	19.839	2.25796
10.405	19.9508	2.21472
10.455	20.0604	2.16898
10.505	20.1677	2.12133
10.555	20.2725	2.07235
10.605	20.3749	2.0226
10.655	20.4748	1.97262
10.705	20.5721	1.92291
10.755	20.6671	1.87392
10.805	20.7596	1.82607
10.855	20.8497	1.77973
10.905	20.9376	1.73525
10.955	21.0233	1.69291
11.005	21.1069	1.65296
11.055	21.1886	1.61563
11.105	21.2685	1.5811
11.155	21.3468	1.54954
11.205	21.4235	1.52107
11.255	21.4989	1.49581
11.305	21.5731	1.47384
11.355	21.6464	1.45524
11.405	21.7187	1.44006
11.455	21.7904	1.42834
11.505	21.8616	1.42013
11.555	21.9325	1.41543
11.605	22.0032	1.41427
11.655	22.074	1.41664
11.705	22.1449	1.42253
11.755	22.2163	1.43195
11.805	22.2882	1.44485
11.855	22.3608	1.4612
11.905	22.4344	1.48096
11.955	22.509	1.50406
12.005	22.5848	1.53043
12.055	22.6621	1.55997
12.105	22.7409	1.59256
12.155	22.8214	1.62806
12.205	22.9037	1.66631
12.255	22.9881	1.7071
12.305	23.0745	1.75021
12.355	23.1631	1.79536
12.405	23.254	1.84225
12.455	23.3474	1.89053
12.505	23.4431	1.93982
12.555	23.5413	1.98968
12.605	23.6421	2.03963
12.655	23.7453	2.08918
12.705	23.851	2.13777
12.755	23.9591	2.18484
12.805	24.0694	2.22979
12.855	24.182	2.27204
12.905	24.2966	2.31098
12.955	24.413	2.34606
13.005	24.5311	2.37673
13.055	24.6506	2.4025
13.105	24.7713	2.42296
13.155	24.8928	2.43777
13.205	25.015	2.44666
13.255	25.1374	2.44949
13.305	25.2598	2.4462
13.355	25.3819	2.43685
13.405	25.5034	2.42161
13.455	25.624	2.40073
13.505	25.7434	2.37457
13.555	25.8613	2.34355
13.605	25.9777	2.30816
13.655	26.0921	2.26894
13.705	26.2045	2.22647
13.755	26.3147	2.18134
13.805	26.4226	2.13413
13.855	26.5281	2.08545
13.905	26.6311	2.03585
13.955	26.7317	1.98589
14.005	26.8297	1.93606
14.055	26.9253	1.88683
14.105	27.0184	1.83864
14.155	27.1092	1.79187
14.205	27.1976	1.74686
14.255	27.2839	1.70393
14.305	27.3681	1.66332
14.355	27.4503	1.62527
14.405	27.5306	1.58999
14.455	27.6093	1.55762
14.505	27.6864	1.52832
14.555	27.7622	1.5022
14.605	27.8367	1.47935
14.655	27.9102	1.45984
14.705	27.9828	1.44375
14.755	28.0546	1.43111
14.805	28.1259	1.42196
14.855	28.1969	1.41633
14.905	28.2676	1.41423
14.955	28.3384	1.41566
15.005	28.4093	1.42062
15.055	28.4805	1.42911
15.105	28.5522	1.44108
15.155	28.6246	1.45653
15.205	28.6979	1.47539
15.255	28.7722	1.49761
15.305	28.8477	1.52312
15.355	28.9246	1.55182
15.405	29.003	1.58362
15.455	29.083	1.61836
15.505	29.1649	1.6559
15.555	29.2486	1.69603
15.605	29.3345	1.73855
15.655	29.4225	1.78319
15.705	29.5129	1.82965
15.755	29.6055	1.8776
15.805	29.7006	1.92666
15.855	29.7982	1.97641
15.905	29.8983	2.02639
15.955	30.0008	2.07609
16.005	30.1059	2.12499
16.055	30.2133	2.17252
16.105	30.3231	2.21809
16.155	30.4351	2.26112
16.205	30.5492	2.30099
16.255	30.6651	2.33715
16.305	30.7828	2.36904
16.355	30.9019	2.39616
16.405	31.0223	2.41807
16.455	31.1437	2.4344
16.505	31.2657	2.44489
16.555	31.388	2.44933
16.605	31.5105	2.44766
16.655	31.6327	2.43992
16.705	31.7544	2.42622
16.755	31.8752	2.40681
16.805	31.995	2.38201
16.855	32.1134	2.35223
16.905	32.2301	2.31795
16.955	32.3451	2.2797
17.005	32.458	2.23803
17.055	32.5688	2.19355
17.105	32.6774	2.14684
17.155	32.7835	2.09849
17.205	32.8872	2.04908
17.255	32.9884	1.99916
17.305	33.0871	1.94925
17.355	33.1833	1.89982
17.405	33.2771	1.85131
17.455	33.3685	1.80413
17.505	33.4575	1.75862
17.555	33.5444	1.71511
17.605	33.6291	1.67386
17.655	33.7118	1.63512
17.705	33.7927	1.59908
17.755	33.8718	1.56592
17.805	33.9493	1.5358
17.855	34.0254	1.50882
17.905	34.1002	1.48509
17.955	34.174	1.46469
18.005	34.2468	1.44769
18.055	34.3188	1.43413
18.105	34.3902	1.42405
18.155	34.4613	1.41748
18.205	34.532	1.41444
18.255	34.6028	1.41494
18.305	34.6736	1.41896
18.355	34.7447	1.42651
18.405	34.8163	1.43756
18.455	34.8885	1.45209
18.505	34.9616	1.47005
18.555	35.0356	1.49138
18.605	35.1108	1.51603
18.655	35.1872	1.5439
18.705	35.2652	1.57488
18.755	35.3448	1.60886
18.805	35.4261	1.64567
18.855	35.5094	1.68513
18.905	35.5947	1.72704
18.955	35.6821	1.77114
19.005	35.7718	1.81715
19.055	35.8639	1.86474
19.105	35.9583	1.91354
19.155	36.0552	1.96316
19.205	36.1546	2.01312
19.255	36.2565	2.06295
19.305	36.3609	2.11212
19.355	36.4677	2.16007
19.405	36.5769	2.20622
19.455	36.6883	2.24997
19.505	36.8019	2.29075
19.555	36.9173	2.32795
19.605	37.0346	2.36102
19.655	37.1534	2.38945
19.705	37.2734	2.41278
19.755	37.3945	2.43063
19.805	37.5164	2.44269
19.855	37.6387	2.44875
19.905	37.7612	2.4487
19.955	37.8835	2.44256
20.005	38.0053	2.43042
20.055	38.1264	2.4125
20.105	38.2465	2.3891
20.155	38.3653	2.3606
20.205	38.4825	2.32746
20.255	38.5979	2.29021
20.305	38.7114	2.24939
20.355	38.8228	2.2056
20.405	38.932	2.15942
20.455	39.0387	2.11145
20.505	39.1431	2.06227
20.555	39.245	2.01244
20.605	39.3443	1.96247
20.655	39.4412	1.91287
20.705	39.5356	1.86408
20.755	39.6276	1.81651
20.805	39.7173	1.77053
20.855	39.8047	1.72645
20.905	39.89	1.68458
20.955	39.9732	1.64515
21.005	40.0545	1.60837
21.055	40.1341	1.57444
21.105	40.212	1.54349
21.155	40.2885	1.51567
21.205	40.3637	1.49107
21.255	40.4377	1.46978
21.305	40.5107	1.45187
21.355	40.5829	1.43739
21.405	40.6545	1.42639
21.455	40.7256	1.41888
21.505	40.7964	1.41491
21.555	40.8672	1.41446
21.605	40.9379	1.41755
21.655	41.009	1.42417
21.705	41.0804	1.43429
21.755	41.1525	1.4479
21.805	41.2253	1.46495
21.855	41.299	1.48539
21.905	41.3739	1.50917
21.955	41.45	1.53619
22.005	41.5275	1.56636
22.055	41.6067	1.59955
22.105	41.6875	1.63563
22.155	41.7703	1.67441
22.205	41.855	1.71569
22.255	41.9419	1.75923
22.305	42.031	1.80477
22.355	42.1224	1.85197
22.405	42.2162	1.90049
22.455	42.3124	1.94993
22.505	42.4112	1.99985
22.555	42.5124	2.04976
22.605	42.6162	2.09916
22.655	42.7223	2.14749
22.705	42.8309	2.19417
22.755	42.9417	2.23862
22.805	43.0547	2.28024
22.855	43.1697	2.31845
22.905	43.2865	2.35267
22.955	43.4049	2.38238
23.005	43.5246	2.40711
23.055	43.6455	2.42644
23.105	43.7672	2.44006
23.155	43.8894	2.44773
23.205	44.0119	2.44931
23.255	44.1342	2.44478
23.305	44.2562	2.43422
23.355	44.3776	2.41781
23.405	44.4979	2.39582
23.455	44.617	2.36864
23.505	44.7347	2.33668
23.555	44.8506	2.30047
23.605	44.9647	2.26055
23.655	45.0766	2.21749
23.705	45.1864	2.17188
23.755	45.2938	2.12433
23.805	45.3988	2.07542
23.855	45.5013	2.0257
23.905	45.6014	1.97572
23.955	45.6989	1.92598
24.005	45.794	1.87693
24.055	45.8866	1.829
24.105	45.9769	1.78256
24.155	46.0649	1.73795
24.205	46.1507	1.69547
24.255	46.2345	1.65537
24.305	46.3163	1.61787
24.355	46.3963	1.58316
24.405	46.4747	1.55141
24.455	46.5515	1.52275
24.505	46.627	1.49728
24.555	46.7013	1.47511
24.605	46.7746	1.45629
24.655	46.847	1.4409
24.705	46.9187	1.42897
24.755	46.9899	1.42053
24.805	47.0608	1.41562
24.855	47.1316	1.41423
24.905	47.2023	1.41639
24.955	47.2733	1.42207
25.005	47.3446	1.43126
25.055	47.4164	1.44395
25.105	47.489	1.46009
25.155	47.5625	1.47964
25.205	47.6371	1.50253
25.255	47.7128	1.5287
25.305	47.79	1.55805
25.355	47.8687	1.59045
25.405	47.9491	1.62578
25.455	48.0313	1.66386
25.505	48.1155	1.7045
25.555	48.2018	1.74747
25.605	48.2903	1.7925
25.655	48.3811	1.83929
25.705	48.4742	1.8875
25.755	48.5698	1.93674
25.805	48.6679	1.98657
25.855	48.7685	2.03654
25.905	48.8716	2.08612
25.955	48.9771	2.13479
26.005	49.085	2.18197
26.055	49.1953	2.22707
26.105	49.3077	2.2695
26.155	49.4221	2.30867
26.205	49.5385	2.344
26.255	49.6565	2.37496
26.305	49.7759	2.40105
26.355	49.8965	2.42186
26.405	50.018	2.43702
26.455	50.1401	2.44628
26.505	50.2625	2.44949
26.555	50.3849	2.44658
26.605	50.5071	2.4376
26.655	50.6286	2.42272
26.705	50.7493	2.40219
26.755	50.8687	2.37634
26.805	50.9868	2.34561
26.855	51.1032	2.31047
26.905	51.2178	2.27148
26.955	51.3303	2.22919
27.005	51.4407	2.18421
27.055	51.5487	2.13711
27.105	51.6543	2.08851
27.155	51.7575	2.03895
27.205	51.8582	1.98899
27.255	51.9564	1.93914
27.305	52.0522	1.88986
27.355	52.1454	1.8416
27.405	52.2363	1.79473
27.455	52.3249	1.7496
27.505	52.4113	1.70653
27.555	52.4956	1.66577
27.605	52.578	1.62756
27.655	52.6584	1.5921
27.705	52.7372	1.55955
27.755	52.8144	1.53005
27.805	52.8903	1.50373
27.855	52.9649	1.48067
27.905	53.0384	1.46096
27.955	53.111	1.44465
28.005	53.1829	1.43179
28.055	53.2543	1.42243
28.105	53.3252	1.41658
28.155	53.396	1.41426
28.205	53.4667	1.41547
28.255	53.5376	1.42021
28.305	53.6088	1.42848
28.355	53.6805	1.44024
28.405	53.7529	1.45547
28.455	53.8261	1.47412
28.505	53.9003	1.49613
28.555	53.9758	1.52144
28.605	54.0525	1.54995
28.655	54.1308	1.58156
28.705	54.2107	1.61612
28.755	54.2925	1.65349
28.805	54.3761	1.69347
28.855	54.4619	1.73584
28.905	54.5497	1.78036
28.955	54.6399	1.82671
29.005	54.7324	1.87458
29.055	54.8274	1.92359
29.105	54.9248	1.97331
29.155	55.0247	2.02328
29.205	55.1271	2.07302
29.255	55.232	2.12199
29.305	55.3393	2.16962
29.355	55.4489	2.21533
29.405	55.5608	2.25853
29.455	55.6748	2.29862
29.505	55.7906	2.33503
29.555	55.9082	2.36719
29.605	56.0272	2.39462
29.655	56.1476	2.41687
29.705	56.2688	2.43356
29.755	56.3908	2.44441
29.805	56.5132	2.44923
29.855	56.6356	2.44795
29.905	56.7579	2.44057
29.955	56.8796	2.42724
30.005	57.0005	2.40817
30.055	57.1203	2.3837
30.105	57.2388	2.35422
30.155	57.3557	2.3202
30.205	57.4707	2.28218
30.255	57.5838	2.24071
30.305	57.6948	2.19638
30.355	57.8034	2.14979
30.405	57.9097	2.10153
30.455	58.0136	2.05217
30.505	58.1149	2.00227
30.555	58.2138	1.95234
30.605	58.3102	1.90287
30.655	58.4041	1.85429
30.705	58.4956	1.80702
30.755	58.5848	1.7614
30.805	58.6718	1.71775
30.855	58.7566	1.67635
30.905	58.8395	1.63744
30.955	58.9204	1.60123
31.005	58.9996	1.5679
31.055	59.0773	1.53758
31.105	59.1534	1.5104
31.155	59.2284	1.48647
31.205	59.3022	1.46586
31.255	59.375	1.44864
31.305	59.4471	1.43487
31.355	59.5185	1.42457
31.405	59.5896	1.41779
31.455	59.6604	1.41453
31.505	59.7311	1.4148
31.555	59.8019	1.41861
31.605	59.873	1.42594
31.655	59.9446	1.43678
31.705	60.0168	1.45109
31.755	60.0897	1.46883
31.805	60.1637	1.48996
31.855	60.2388	1.5144
31.905	60.3152	1.54207
31.955	60.3931	1.57287
32.005	60.4725	1.60666
32.055	60.5538	1.6433
32.105	60.6369	1.68261
32.155	60.7221	1.72437
32.205	60.8094	1.76834
32.255	60.8989	1.81424
32.305	60.9908	1.86175
32.355	61.0851	1.91049
32.405	61.1819	1.96006
32.455	61.2811	2.01002
32.505	61.3829	2.05987
32.555	61.4871	2.10909
32.605	61.5938	2.15714
32.655	61.7028	2.20341
32.705	61.8141	2.24734
32.755	61.9275	2.28831
32.805	62.0429	2.32575
32.855	62.16	2.3591
32.905	62.2787	2.38783
32.955	62.3987	2.41149
33.005	62.5197	2.42969
33.055	62.6416	2.44211
33.105	62.7639	2.44855
33.155	62.8863	2.44888
33.205	63.0086	2.44312
33.255	63.1305	2.43135
33.305	63.2517	2.41378
33.355	63.3718	2.3907
33.405	63.4907	2.36251
33.455	63.608	2.32965
33.505	63.7236	2.29263
33.555	63.8372	2.25202
33.605	63.9487	2.2084
33.655	64.058	2.16235
33.705	64.1649	2.11447
33.755	64.2694	2.06535
33.805	64.3714	2.01554
33.855	64.471	1.96557
33.905	64.568	1.91593
33.955	64.6626	1.86708
34.005	64.7547	1.81942
34.055	64.8445	1.77333
34.105	64.9321	1.72913
34.155	65.0175	1.68711
34.205	65.1008	1.64752
34.255	65.1823	1.61058
34.305	65.262	1.57646
34.355	65.34	1.54533
34.405	65.4165	1.5173
34.455	65.4918	1.4925
34.505	65.5658	1.471
34.555	65.6389	1.45288
34.605	65.7112	1.43819
34.655	65.7828	1.42697
34.705	65.8539	1.41925
34.755	65.9248	1.41505
34.805	65.9955	1.41439
34.855	66.0663	1.41726
34.905	66.1373	1.42365
34.955	66.2087	1.43356
35.005	66.2807	1.44695
35.055	66.3535	1.46379
35.105	66.4271	1.48403
35.155	66.5019	1.50759
35.205	66.578	1.53442
35.255	66.6554	1.56439
35.305	66.7344	1.59741
35.355	66.8152	1.63331
35.405	66.8978	1.67192
35.455	66.9824	1.71306
35.505	67.0692	1.75647
35.555	67.1581	1.80189
35.605	67.2494	1.849
35.655	67.343	1.89745
35.705	67.4391	1.94684
35.755	67.5377	1.99674
35.805	67.6388	2.04667
35.855	67.7424	2.09612
35.905	67.8484	2.14453
35.955	67.9568	2.19133
36.005	68.0675	2.23594
36.055	68.1804	2.27775
36.105	68.2952	2.31619
36.155	68.4119	2.35067
36.205	68.5302	2.38068
36.255	68.6499	2.40573
36.305	68.7707	2.42541
36.355	68.8923	2.43939
36.405	69.0145	2.44743
36.455	69.137	2.44939
36.505	69.2594	2.44524
36.555	69.3814	2.43505
36.605	69.5028	2.41899
36.655	69.6232	2.39735
36.705	69.7424	2.37047
36.755	69.8602	2.3388
36.805	69.9762	2.30284
36.855	70.0904	2.26312
36.905	70.2025	2.22024
36.955	70.3124	2.17478
37.005	70.4199	2.12733
37.055	70.5251	2.07848
37.105	70.6278	2.0288
37.155	70.728	1.97883
37.205	70.8257	1.92905
37.255	70.9209	1.87995
37.305	71.0137	1.83194
37.355	71.1041	1.7854
37.405	71.1922	1.74066
37.455	71.2782	1.69804
37.505	71.3621	1.65778
37.555	71.444	1.62012
37.605	71.5241	1.58523
37.655	71.6026	1.55329
37.705	71.6795	1.52444
37.755	71.7551	1.49877
37.805	71.8295	1.47639
37.855	71.9028	1.45736
37.905	71.9753	1.44175
37.955	72.047	1.42961
38.005	72.1183	1.42095
38.055	72.1892	1.41582
38.105	72.2599	1.41422
38.155	72.3307	1.41615
38.205	72.4016	1.42161
38.255	72.4729	1.43059
38.305	72.5447	1.44306
38.355	72.6172	1.45899
38.405	72.6907	1.47832
38.455	72.7651	1.50102
38.505	72.8408	1.52698
38.555	72.9179	1.55613
38.605	72.9965	1.58835
38.655	73.0768	1.6235
38.705	73.1589	1.66142
38.755	73.243	1.7019
38.805	73.3291	1.74473
38.855	73.4175	1.78965
38.905	73.5081	1.83634
38.955	73.6011	1.88447
39.005	73.6966	1.93366
39.055	73.7945	1.98347
39.105	73.8949	2.03344
39.155	73.9978	2.08307
39.205	74.1032	2.13181
39.255	74.211	2.17909
39.305	74.3211	2.22434
39.355	74.4334	2.26696
39.405	74.5477	2.30634
39.455	74.6639	2.34193
39.505	74.7818	2.37317
39.555	74.9012	2.39958
39.605	75.0217	2.42072
39.655	75.1432	2.43625
39.705	75.2652	2.44588
39.755	75.3877	2.44947
39.805	75.5101	2.44694
39.855	75.6322	2.43834
39.905	75.7538	2.42381
39.955	75.8745	2.40362
40.005	75.9941	2.37809
40.055	76.1123	2.34765
40.105	76.2288	2.31277
40.155	76.3435	2.274
40.205	76.4561	2.2319
40.255	76.5666	2.18707
40.305	76.6748	2.14009
40.355	76.7806	2.09156
40.405	76.8839	2.04205
40.455	76.9848	1.9921
40.505	77.0832	1.94222
40.555	77.179	1.8929
40.605	77.2725	1.84456
40.655	77.3635	1.79759
40.705	77.4522	1.75235
40.755	77.5388	1.70914
40.805	77.6232	1.66823
40.855	77.7056	1.62985
40.905	77.7862	1.59422
40.955	77.8651	1.56148
41.005	77.9424	1.53179
41.055	78.0183	1.50527
41.105	78.093	1.482
41.155	78.1666	1.46208
41.205	78.2393	1.44556
41.255	78.3112	1.43249
41.305	78.3826	1.42291
41.355	78.4536	1.41684
41.405	78.5243	1.4143
41.455	78.595	1.41529
41.505	78.6659	1.41982
41.555	78.7371	1.42786
41.605	78.8088	1.43941
41.655	78.8811	1.45442
41.705	78.9543	1.47286
41.755	79.0284	1.49467
41.805	79.1038	1.51977
41.855	79.1805	1.54809
41.905	79.2586	1.57951
41.955	79.3385	1.61389
42.005	79.4201	1.65109
42.055	79.5036	1.69091
42.105	79.5892	1.73315
42.155	79.677	1.77754
42.205	79.767	1.82379
42.255	79.8594	1.87157
42.305	79.9542	1.92052
42.355	80.0514	1.97021
42.405	80.1512	2.02018
42.455	80.2534	2.06995
42.505	80.3582	2.11898
42.555	80.4653	2.16671
42.605	80.5748	2.21256
42.655	80.6865	2.25593
42.705	80.8004	2.29623
42.755	80.9161	2.33288
42.805	81.0336	2.36533
42.855	81.1526	2.39307
42.905	81.2728	2.41565
42.955	81.394	2.43269
43.005	81.516	2.44391
43.055	81.6383	2.44911
43.105	81.7608	2.4482
43.155	81.883	2.44121
43.205	82.0048	2.42824
43.255	82.1258	2.40952
43.305	82.2457	2.38537
43.355	82.3642	2.35618
43.405	82.4812	2.32244
43.455	82.5964	2.28465
43.505	82.7096	2.24337
43.555	82.8207	2.19921
43.605	82.9295	2.15274
43.655	83.0359	2.10456
43.705	83.1399	2.05526
43.755	83.2414	2.00537
43.805	83.3405	1.95543
43.855	83.437	1.90592
43.905	83.5311	1.85727
43.955	83.6227	1.80991
44.005	83.7121	1.76417
44.055	83.7992	1.7204
44.105	83.8842	1.67885
44.155	83.9671	1.63978
44.205	84.0482	1.6034
44.255	84.1275	1.56988
44.305	84.2052	1.53937
44.355	84.2815	1.512
44.405	84.3565	1.48786
44.455	84.4303	1.46704
44.505	84.5032	1.44961
44.555	84.5754	1.43562
44.605	84.6469	1.42511
44.655	84.7179	1.41811
44.705	84.7887	1.41463
44.755	84.8594	1.41468
44.805	84.9303	1.41827
44.855	85.0013	1.42538
44.905	85.0729	1.436
44.955	85.145	1.4501
45.005	85.2179	1.46763
45.055	85.2918	1.48855
45.105	85.3668	1.51279
45.155	85.4431	1.54026
45.205	85.5209	1.57087
45.255	85.6003	1.60448
45.305	85.6814	1.64095
45.355	85.7644	1.6801
45.405	85.8495	1.72171
45.455	85.9366	1.76555
45.505	86.026	1.81134
45.555	86.1178	1.85875
45.605	86.2119	1.90743
45.655	86.3085	1.95696
45.705	86.4076	2.00691
45.755	86.5092	2.05679
45.805	86.6133	2.10607
45.855	86.7198	2.1542
45.905	86.8287	2.2006
45.955	86.9398	2.24469
46.005	87.0531	2.28586
46.055	87.1684	2.32354
46.105	87.2854	2.35715
46.155	87.404	2.38619
46.205	87.5239	2.41018
46.255	87.6449	2.42872
46.305	87.7667	2.44151
46.355	87.889	2.44832
46.405	88.0115	2.44904
46.455	88.1338	2.44365
46.505	88.2557	2.43225
46.555	88.3769	2.41503
46.605	88.4971	2.39229
46.655	88.6161	2.3644
46.705	88.7335	2.33181
46.755	88.8492	2.29504
46.805	88.9629	2.25464
46.855	89.0746	2.21118
46.905	89.184	2.16527
46.955	89.2911	2.11749
47.005	89.3957	2.06843
47.055	89.4979	2.01864
47.105	89.5976	1.96867
47.155	89.6948	1.919
47.205	89.7895	1.87008
47.255	89.8818	1.82234
47.305	89.9718	1.77614
47.355	90.0595	1.73181
47.405	90.145	1.68965
47.455	90.2285	1.6499
47.505	90.31	1.61279
47.555	90.3898	1.57849
47.605	90.4679	1.54717
47.655	90.5446	1.51895
47.705	90.6199	1.49395
47.755	90.694	1.47224
47.805	90.7672	1.45391
47.855	90.8395	1.439
47.905	90.9111	1.42756
47.955	90.9823	1.41962
48.005	91.0531	1.41521
48.055	91.1239	1.41432
48.105	91.1946	1.41697
48.155	91.2656	1.42315
48.205	91.337	1.43284
48.255	91.409	1.44602
48.305	91.4817	1.46264
48.355	91.5553	1.48267
48.405	91.63	1.50604
48.455	91.7059	1.53266
48.505	91.7833	1.56244
48.555	91.8622	1.59527
48.605	91.9429	1.631
48.655	92.0254	1.66945
48.705	92.1099	1.71043
48.755	92.1965	1.75371
48.805	92.2853	1.79901
48.855	92.3764	1.84603
48.905	92.4699	1.8944
48.955	92.5658	1.94375
49.005	92.6643	1.99364
49.055	92.7652	2.04358
49.105	92.8686	2.09307
49.155	92.9745	2.14156
49.205	93.0828	2.18848
49.255	93.1933	2.23324
49.305	93.306	2.27525
49.355	93.4208	2.31391
49.405	93.5374	2.34865
49.455	93.6556	2.37895
49.505	93.7752	2.40432
49.555	93.8959	2.42435
49.605	94.0175	2.43869
49.655	94.1397	2.44711
49.705	94.2621	2.44945
49.755	94.3845	2.44568
49.805	94.5066	2.43586
49.855	94.628	2.42016
49.905	94.7485	2.39885
49.955	94.8678	2.37228
50.005	94.9857	2.3409
