0	0	2.23607
0.005	0.0111803	2.23604
0.055	0.122922	2.23269
0.105	0.234357	2.22381
0.155	0.345213	2.20953
0.205	0.455223	2.19005
0.255	0.564136	2.16566
0.305	0.671713	2.13671
0.355	0.777737	2.10357
0.405	0.882008	2.06669
0.455	0.984351	2.02653
0.505	1.08461	1.98356
0.555	1.18267	1.93828
0.605	1.27841	1.89116
0.655	1.37176	1.84267
0.705	1.46266	1.79328
0.755	1.55108	1.7434
0.805	1.637	1.69342
0.855	1.72043	1.64373
0.905	1.80138	1.59465
0.955	1.87991	1.54647
1.005	1.95605	1.49947
1.055	2.02988	1.45387
1.105	2.10147	1.40989
1.155	2.1709	1.36768
1.205	2.23827	1.3274
1.255	2.30367	1.28918
1.305	2.36722	1.25311
1.355	2.42902	1.21928
1.405	2.48919	1.18775
1.455	2.54783	1.15858
1.505	2.60508	1.13181
1.555	2.66106	1.10748
1.605	2.71587	1.0856
1.655	2.76966	1.06618
1.705	2.82253	1.04926
1.755	2.87462	1.03482
1.805	2.92606	1.02288
1.855	2.97695	1.01343
1.905	3.02744	1.00649
1.955	3.07764	1.00204
2.005	3.12769	1.0001
2.055	3.17769	1.00065
2.105	3.22779	1.00371
2.155	3.27811	1.00926
2.205	3.32876	1.01732
2.255	3.37988	1.02787
2.305	3.43159	1.04092
2.355	3.48401	1.05646
2.405	3.53728	1.07449
2.455	3.5915	1.095
2.505	3.64682	1.11798
2.555	3.70334	1.14339
2.605	3.7612	1.17123
2.655	3.82051	1.20145
2.705	3.88138	1.23401
2.755	3.94394	1.26884
2.805	4.0083	1.30588
2.855	4.07457	1.34503
2.905	4.14284	1.38618
2.955	4.21322	1.4292
3.005	4.28579	1.47392
3.055	4.36063	1.52017
3.105	4.43783	1.56772
3.155	4.51742	1.61633
3.205	4.59947	1.66573
3.255	4.684	1.71559
3.305	4.77103	1.76557
3.355	4.86056	1.81528
3.405	4.95255	1.86433
3.455	5.04697	1.91226
3.505	5.14375	1.95863
3.555	5.2428	2.00294
3.605	5.344	2.04472
3.655	5.44722	2.08349
3.705	5.55229	2.11876
3.755	5.65903	2.1501
3.805	5.76723	2.17707
3.855	5.87666	2.19932
3.905	5.98708	2.21652
3.955	6.09822	2.22843
4.005	6.20983	2.23486
4.055	6.32162	2.23574
4.105	6.43331	2.23103
4.155	6.54463	2.22082
4.205	6.6553	2.20525
4.255	6.76507	2.18455
4.305	6.87368	2.15901
4.355	6.98089	2.129
4.405	7.08651	2.09491
4.455	7.19033	2.05718
4.505	7.29217	2.01629
4.555	7.39191	1.97272
4.605	7.48941	1.92694
4.655	7.58457	1.87945
4.705	7.67733	1.8307
4.755	7.76763	1.78115
4.805	7.85544	1.73121
4.855	7.94075	1.68127
4.905	8.02357	1.6317
4.955	8.10393	1.58281
5.005	8.18187	1.5349
5.055	8.25744	1.48822
5.105	8.33072	1.443
5.155	8.40177	1.39943
5.205	8.47069	1.35768
5.255	8.53757	1.31789
5.305	8.60251	1.28018
5.355	8.66563	1.24465
5.405	8.72702	1.21138
5.455	8.7868	1.18042
5.505	8.8451	1.15183
5.555	8.90203	1.12566
5.605	8.95771	1.10192
5.655	9.01226	1.08064
5.705	9.06581	1.06183
5.755	9.11848	1.04551
5.805	9.1704	1.03168
5.855	9.22169	1.02034
5.905	9.27248	1.01151
5.955	9.32289	1.00517
6.005	9.37304	1.00134
6.055	9.42306	1
6.105	9.47308	1.00117
6.155	9.52322	1.00483
6.205	9.5736	1.01099
6.255	9.62436	1.01966
6.305	9.67561	1.03082
6.355	9.72748	1.04448
6.405	9.7801	1.06063
6.455	9.83359	1.07926
6.505	9.88807	1.10038
6.555	9.94367	1.12395
6.605	10.0005	1.14996
6.655	10.0587	1.17838
6.705	10.1184	1.20918
6.755	10.1797	1.24229
6.805	10.2426	1.27767
6.855	10.3075	1.31523
6.905	10.3742	1.35488
6.955	10.443	1.3965
7.005	10.5139	1.43995
7.055	10.587	1.48506
7.105	10.6624	1.53165
7.155	10.7402	1.57948
7.205	10.8204	1.62831
7.255	10.903	1.67785
7.305	10.9882	1.72777
7.355	11.0758	1.77772
7.405	11.1659	1.82732
7.455	11.2585	1.87613
7.505	11.3535	1.92373
7.555	11.4509	1.96964
7.605	11.5505	2.01338
7.655	11.6522	2.05447
7.705	11.7559	2.09243
7.755	11.8614	2.12678
7.805	11.9685	2.15709
7.855	12.077	2.18294
7.905	12.1867	2.20399
7.955	12.2973	2.21992
8.005	12.4086	2.23051
8.055	12.5203	2.23559
8.105	12.632	2.2351
8.155	12.7437	2.22905
8.205	12.8549	2.21751
8.255	12.9653	2.20066
8.305	13.0748	2.17876
8.355	13.1831	2.15209
8.405	13.29	2.12105
8.455	13.3952	2.08603
8.505	13.4985	2.04749
8.555	13.5999	2.0059
8.605	13.6991	1.96174
8.655	13.796	1.9155
8.705	13.8906	1.86766
8.755	13.9828	1.81868
8.805	14.0725	1.76899
8.855	14.1597	1.71902
8.905	14.2444	1.66914
8.955	14.3266	1.61971
9.005	14.4063	1.57103
9.055	14.4837	1.52339
9.105	14.5587	1.47705
9.155	14.6314	1.43222
9.205	14.7019	1.38908
9.255	14.7704	1.34779
9.305	14.8368	1.3085
9.355	14.9012	1.27132
9.405	14.9639	1.23633
9.455	15.0249	1.20361
9.505	15.0843	1.17323
9.555	15.1423	1.14523
9.605	15.1989	1.11964
9.655	15.2543	1.0965
9.705	15.3086	1.07582
9.755	15.3619	1.05762
9.805	15.4144	1.04191
9.855	15.4661	1.02868
9.905	15.5173	1.01796
9.955	15.568	1.00973
10.005	15.6183	1.00401
10.055	15.6684	1.00078
10.105	15.7184	1.00005
10.155	15.7685	1.00183
10.205	15.8187	1.0061
10.255	15.8691	1.01288
10.305	15.92	1.02215
10.355	15.9714	1.03392
10.405	16.0234	1.04818
10.455	16.0762	1.06494
10.505	16.13	1.08418
10.555	16.1847	1.1059
10.605	16.2406	1.13006
10.655	16.2977	1.15667
10.705	16.3563	1.18567
10.755	16.4164	1.21704
10.805	16.478	1.25071
10.855	16.5415	1.28663
10.905	16.6067	1.32471
10.955	16.674	1.36485
11.005	16.7433	1.40693
11.055	16.8147	1.4508
11.105	16.8884	1.49629
11.155	16.9643	1.5432
11.205	17.0427	1.59131
11.255	17.1235	1.64034
11.305	17.2067	1.69
11.355	17.2925	1.73996
11.405	17.3807	1.78986
11.455	17.4715	1.8393
11.505	17.5647	1.88786
11.555	17.6602	1.93509
11.605	17.7581	1.98052
11.655	17.8582	2.02366
11.705	17.9605	2.06403
11.755	18.0646	2.10115
11.805	18.1705	2.13456
11.855	18.278	2.16382
11.905	18.3868	2.18853
11.955	18.4968	2.20835
12.005	18.6076	2.223
12.055	18.719	2.23226
12.105	18.8307	2.23599
12.155	18.9425	2.23414
12.205	19.054	2.22673
12.255	19.1651	2.21388
12.305	19.2753	2.19578
12.355	19.3845	2.17268
12.405	19.4925	2.14491
12.455	19.599	2.11286
12.505	19.7037	2.07694
12.555	19.8066	2.03761
12.605	19.9074	1.99535
12.655	20.0061	1.95064
12.705	20.1025	1.90397
12.755	20.1965	1.85581
12.805	20.288	1.80662
12.855	20.3771	1.75682
12.905	20.4637	1.70684
12.955	20.5478	1.65704
13.005	20.6294	1.60776
13.055	20.7086	1.55931
13.105	20.7854	1.51197
13.155	20.8598	1.46598
13.205	20.932	1.42154
13.255	21.002	1.37884
13.305	21.0699	1.33803
13.355	21.1358	1.29924
13.405	21.1999	1.26258
13.455	21.2621	1.22814
13.505	21.3227	1.19599
13.555	21.3818	1.16619
13.605	21.4394	1.13877
13.655	21.4957	1.11378
13.705	21.5508	1.09123
13.755	21.6049	1.07116
13.805	21.658	1.05356
13.855	21.7103	1.03845
13.905	21.7618	1.02584
13.955	21.8129	1.01572
14.005	21.8635	1.00811
14.055	21.9137	1.00299
14.105	21.9638	1.00037
14.155	22.0138	1.00026
14.205	22.0639	1.00264
14.255	22.1141	1.00752
14.305	22.1647	1.01491
14.355	22.2156	1.02479
14.405	22.2672	1.03717
14.455	22.3194	1.05204
14.505	22.3724	1.0694
14.555	22.4264	1.08925
14.605	22.4814	1.11156
14.655	22.5376	1.13633
14.705	22.5951	1.16352
14.755	22.654	1.1931
14.805	22.7144	1.22503
14.855	22.7765	1.25926
14.905	22.8404	1.29572
14.955	22.9061	1.33431
15.005	22.9738	1.37493
15.055	23.0437	1.41746
15.105	23.1156	1.46175
15.155	23.1899	1.5076
15.205	23.2664	1.55483
15.255	23.3454	1.60318
15.305	23.4267	1.6524
15.355	23.5106	1.70216
15.405	23.597	1.75215
15.455	23.6858	1.80197
15.505	23.7771	1.85124
15.555	23.8709	1.89952
15.605	23.9671	1.94635
15.655	24.0655	1.99126
15.705	24.1662	2.03377
15.755	24.2689	2.0734
15.805	24.3734	2.10965
15.855	24.4798	2.14209
15.905	24.5876	2.17027
15.955	24.6967	2.19382
16.005	24.8069	2.21241
16.055	24.9179	2.22576
16.105	25.0294	2.23368
16.155	25.1411	2.23605
16.205	25.2529	2.23284
16.255	25.3643	2.2241
16.305	25.4752	2.20995
16.355	25.5852	2.1906
16.405	25.6942	2.16633
16.455	25.8018	2.13748
16.505	25.9079	2.10444
16.555	26.0122	2.06765
16.605	26.1146	2.02756
16.655	26.2149	1.98466
16.705	26.313	1.93943
16.755	26.4088	1.89235
16.805	26.5022	1.8439
16.855	26.5932	1.79452
16.905	26.6816	1.74464
16.955	26.7676	1.69467
17.005	26.8511	1.64496
17.055	26.9321	1.59586
17.105	27.0107	1.54766
17.155	27.0869	1.50063
17.205	27.1608	1.45499
17.255	27.2324	1.41096
17.305	27.3019	1.36871
17.355	27.3694	1.32838
17.405	27.4348	1.29011
17.455	27.4984	1.25398
17.505	27.5602	1.22009
17.555	27.6204	1.18851
17.605	27.6791	1.15928
17.655	27.7364	1.13245
17.705	27.7924	1.10805
17.755	27.8473	1.08611
17.805	27.9011	1.06664
17.855	27.954	1.04965
17.905	28.0061	1.03515
17.955	28.0575	1.02314
18.005	28.1084	1.01364
18.055	28.1589	1.00663
18.105	28.2091	1.00212
18.155	28.2592	1.00011
18.205	28.3092	1.00061
18.255	28.3593	1.0036
18.305	28.4096	1.00909
18.355	28.4602	1.01708
18.405	28.5113	1.02757
18.455	28.563	1.04056
18.505	28.6154	1.05604
18.555	28.6687	1.07401
18.605	28.7229	1.09446
18.655	28.7782	1.11737
18.705	28.8347	1.14273
18.755	28.8925	1.17051
18.805	28.9517	1.20067
18.855	29.0126	1.23317
18.905	29.0751	1.26795
18.955	29.1394	1.30493
19.005	29.2056	1.34403
19.055	29.2739	1.38513
19.105	29.3442	1.4281
19.155	29.4167	1.47279
19.205	29.4915	1.519
19.255	29.5686	1.56652
19.305	29.6482	1.61511
19.355	29.7301	1.66449
19.405	29.8146	1.71434
19.455	29.9016	1.76432
19.505	29.991	1.81405
19.555	30.083	1.86312
19.605	30.1773	1.91108
19.655	30.2741	1.95749
19.705	30.373	2.00187
19.755	30.4742	2.04372
19.805	30.5774	2.08256
19.855	30.6824	2.11793
19.905	30.7891	2.14937
19.955	30.8973	2.17646
20.005	31.0067	2.19882
20.055	31.1171	2.21615
20.105	31.2282	2.2282
20.155	31.3398	2.23477
20.205	31.4516	2.23578
20.255	31.5633	2.23122
20.305	31.6746	2.22114
20.355	31.7853	2.2057
20.405	31.8951	2.18512
20.455	32.0037	2.1597
20.505	32.111	2.1298
20.555	32.2166	2.0958
20.605	32.3205	2.05816
20.655	32.4224	2.01735
20.705	32.5222	1.97383
20.755	32.6197	1.9281
20.805	32.715	1.88065
20.855	32.8078	1.83193
20.905	32.8982	1.78239
20.955	32.986	1.73245
21.005	33.0714	1.68251
21.055	33.1543	1.63293
21.105	33.2347	1.58402
21.155	33.3127	1.53608
21.205	33.3883	1.48936
21.255	33.4617	1.4441
21.305	33.5328	1.40049
21.355	33.6017	1.3587
21.405	33.6687	1.31886
21.455	33.7337	1.2811
21.505	33.7968	1.24551
21.555	33.8582	1.21218
21.605	33.9181	1.18116
21.655	33.9764	1.15252
21.705	34.0334	1.12628
21.755	34.0891	1.10248
21.805	34.1437	1.08114
21.855	34.1972	1.06227
21.905	34.2499	1.04588
21.955	34.3019	1.03199
22.005	34.3532	1.0206
22.055	34.404	1.0117
22.105	34.4544	1.0053
22.155	34.5045	1.0014
22.205	34.5546	1
22.255	34.6046	1.00111
22.305	34.6547	1.00471
22.355	34.7051	1.01081
22.405	34.7558	1.01941
22.455	34.8071	1.03051
22.505	34.8589	1.04411
22.555	34.9115	1.06019
22.605	34.965	1.07877
22.655	35.0194	1.09982
22.705	35.075	1.12333
22.755	35.1318	1.14928
22.805	35.19	1.17764
22.855	35.2496	1.20838
22.905	35.3109	1.24144
22.955	35.3738	1.27676
23.005	35.4386	1.31427
23.055	35.5053	1.35387
23.105	35.574	1.39544
23.155	35.6448	1.43884
23.205	35.7179	1.48392
23.255	35.7933	1.53047
23.305	35.871	1.57828
23.355	35.9511	1.62709
23.405	36.0337	1.67661
23.455	36.1188	1.72653
23.505	36.2063	1.77648
23.555	36.2964	1.82609
23.605	36.3889	1.87493
23.655	36.4839	1.92256
23.705	36.5812	1.96852
23.755	36.6807	2.01232
23.805	36.7824	2.05348
23.855	36.886	2.09152
23.905	36.9914	2.12597
23.955	37.0985	2.15639
24.005	37.207	2.18236
24.055	37.3167	2.20352
24.105	37.4273	2.21959
24.155	37.5385	2.23031
24.205	37.6502	2.23553
24.255	37.762	2.23518
24.305	37.8736	2.22926
24.355	37.9848	2.21786
24.405	38.0953	2.20115
24.455	38.2049	2.17936
24.505	38.3132	2.15281
24.555	38.4201	2.12187
24.605	38.5253	2.08695
24.655	38.6287	2.04849
24.705	38.7301	2.00697
24.755	38.8294	1.96287
24.805	38.9264	1.91668
24.855	39.021	1.86887
24.905	39.1132	1.81991
24.955	39.203	1.77024
25.005	39.2903	1.72027
25.055	39.375	1.67038
25.105	39.4573	1.62093
25.155	39.5371	1.57223
25.205	39.6145	1.52457
25.255	39.6896	1.47819
25.305	39.7624	1.43331
25.355	39.833	1.39013
25.405	39.9014	1.3488
25.455	39.9679	1.30946
25.505	40.0324	1.27222
25.555	40.0951	1.23718
25.605	40.1562	1.2044
25.655	40.2156	1.17396
25.705	40.2736	1.1459
25.755	40.3302	1.12025
25.805	40.3857	1.09705
25.855	40.44	1.07631
25.905	40.4933	1.05804
25.955	40.5458	1.04227
26.005	40.5976	1.02898
26.055	40.6488	1.0182
26.105	40.6995	1.00991
26.155	40.7498	1.00412
26.205	40.7999	1.00083
26.255	40.8499	1.00004
26.305	40.9	1.00175
26.355	40.9501	1.00596
26.405	41.0006	1.01268
26.455	41.0515	1.02189
26.505	41.1028	1.03359
26.555	41.1549	1.0478
26.605	41.2077	1.06449
26.655	41.2613	1.08367
26.705	41.3161	1.10532
26.755	41.3719	1.12943
26.805	41.429	1.15597
26.855	41.4876	1.18492
26.905	41.5476	1.21623
26.955	41.6092	1.24984
27.005	41.6726	1.28571
27.055	41.7378	1.32374
27.105	41.805	1.36383
27.155	41.8742	1.40586
27.205	41.9456	1.44968
27.255	42.0192	1.49514
27.305	42.0952	1.54202
27.355	42.1735	1.59009
27.405	42.2542	1.6391
27.455	42.3374	1.68875
27.505	42.4231	1.73871
27.555	42.5112	1.78862
27.605	42.6019	1.83808
27.655	42.695	1.88667
27.705	42.7906	1.93393
27.755	42.8884	1.97941
27.805	42.9885	2.02261
27.855	43.0906	2.06306
27.905	43.1947	2.10027
27.955	43.3006	2.13377
28.005	43.408	2.16314
28.055	43.5168	2.18797
28.105	43.6267	2.20792
28.155	43.7375	2.2227
28.205	43.8489	2.23209
28.255	43.9606	2.23596
28.305	44.0724	2.23425
28.355	44.184	2.22698
28.405	44.295	2.21427
28.455	44.4053	2.19629
28.505	44.5146	2.17332
28.555	44.6226	2.14566
28.605	44.7291	2.11371
28.655	44.8339	2.07788
28.705	44.9368	2.03863
28.755	45.0377	1.99644
28.805	45.1364	1.95178
28.855	45.2328	1.90515
28.905	45.3269	1.85702
28.955	45.4185	1.80785
29.005	45.5077	1.75807
29.055	45.5943	1.70808
29.105	45.6785	1.65827
29.155	45.7602	1.60898
29.205	45.8394	1.56051
29.255	45.9162	1.51313
29.305	45.9907	1.4671
29.355	46.063	1.42262
29.405	46.133	1.37988
29.455	46.201	1.33902
29.505	46.267	1.30018
29.555	46.331	1.26347
29.605	46.3933	1.22897
29.655	46.454	1.19676
29.705	46.5131	1.1669
29.755	46.5707	1.13942
29.805	46.627	1.11437
29.855	46.6822	1.09176
29.905	46.7363	1.07163
29.955	46.7894	1.05397
30.005	46.8417	1.0388
30.055	46.8933	1.02612
30.105	46.9444	1.01595
30.155	46.9949	1.00827
30.205	47.0452	1.00309
30.255	47.0953	1.00041
30.305	47.1453	1.00023
30.355	47.1954	1.00255
30.405	47.2456	1.00737
30.455	47.2961	1.01469
30.505	47.3471	1.02451
30.555	47.3986	1.03683
30.605	47.4508	1.05164
30.655	47.5038	1.06894
30.705	47.5578	1.08872
30.755	47.6128	1.11098
30.805	47.6689	1.13568
30.855	47.7264	1.16281
30.905	47.7852	1.19233
30.955	47.8456	1.22421
31.005	47.9077	1.25838
31.055	47.9715	1.29478
31.105	48.0372	1.33332
31.155	48.1049	1.3739
31.205	48.1746	1.41638
31.255	48.2465	1.46062
31.305	48.3207	1.50644
31.355	48.3972	1.55364
31.405	48.4761	1.60197
31.455	48.5574	1.65116
31.505	48.6412	1.70092
31.555	48.7275	1.7509
31.605	48.8163	1.80074
31.655	48.9076	1.85002
31.705	49.0013	1.89833
31.755	49.0974	1.9452
31.805	49.1958	1.99017
31.855	49.2964	2.03275
31.905	49.399	2.07245
31.955	49.5036	2.10879
32.005	49.6098	2.14133
32.055	49.7176	2.16963
32.105	49.8267	2.1933
32.155	49.9369	2.21201
32.205	50.0478	2.22549
32.255	50.1593	2.23355
32.305	50.2711	2.23606
32.355	50.3828	2.23299
32.405	50.4943	2.22438
32.455	50.6052	2.21036
32.505	50.7152	2.19114
32.555	50.8242	2.16699
32.605	50.9319	2.13825
32.655	51.038	2.10531
32.705	51.1423	2.06861
32.755	51.2448	2.0286
32.805	51.3451	1.98576
32.855	51.4433	1.94058
32.905	51.5392	1.89354
32.955	51.6326	1.84512
33.005	51.7237	1.79576
33.055	51.8122	1.74589
33.105	51.8983	1.69591
33.155	51.9818	1.6462
33.205	52.0629	1.59708
33.255	52.1415	1.54885
33.305	52.2178	1.50178
33.355	52.2917	1.45611
33.405	52.3634	1.41204
33.455	52.433	1.36974
33.505	52.5004	1.32936
33.555	52.5659	1.29103
33.605	52.6296	1.25485
33.655	52.6915	1.22091
33.705	52.7517	1.18927
33.755	52.8104	1.15998
33.805	52.8677	1.13309
33.855	52.9238	1.10863
33.905	52.9786	1.08663
33.955	53.0325	1.06709
34.005	53.0854	1.05004
34.055	53.1375	1.03548
34.105	53.189	1.02341
34.155	53.2399	1.01384
34.205	53.2904	1.00677
34.255	53.3406	1.0022
34.305	53.3907	1.00013
34.355	53.4407	1.00056
34.405	53.4908	1.00349
34.455	53.5411	1.00892
34.505	53.5917	1.01685
34.555	53.6428	1.02728
34.605	53.6945	1.04021
34.655	53.7469	1.05563
34.705	53.8001	1.07353
34.755	53.8543	1.09392
34.805	53.9095	1.11677
34.855	53.966	1.14207
34.905	54.0238	1.16979
34.955	54.083	1.19989
35.005	54.1438	1.23233
35.055	54.2063	1.26705
35.105	54.2705	1.30398
35.155	54.3367	1.34303
35.205	54.4049	1.38408
35.255	54.4751	1.42701
35.305	54.5476	1.47165
35.355	54.6223	1.51783
35.405	54.6994	1.56532
35.455	54.7789	1.61389
35.505	54.8608	1.66325
35.555	54.9452	1.71309
35.605	55.0321	1.76308
35.655	55.1215	1.81282
35.705	55.2134	1.86191
35.755	55.3077	1.90991
35.805	55.4044	1.95636
35.855	55.5033	2.00079
35.905	55.6044	2.04271
35.955	55.7075	2.08163
36.005	55.8125	2.11709
36.055	55.9192	2.14863
36.105	56.0273	2.17584
36.155	56.1367	2.19833
36.205	56.247	2.21579
36.255	56.3582	2.22796
36.305	56.4697	2.23468
36.355	56.5815	2.23583
36.405	56.6932	2.2314
36.455	56.8046	2.22146
36.505	56.9153	2.20615
36.555	57.0251	2.1857
36.605	57.1338	2.16039
36.655	57.2411	2.13059
36.705	57.3468	2.0967
36.755	57.4507	2.05914
36.805	57.5526	2.0184
36.855	57.6525	1.97494
36.905	57.7501	1.92927
36.955	57.8454	1.88185
37.005	57.9382	1.83315
37.055	58.0287	1.78363
37.105	58.1166	1.7337
37.155	58.202	1.68376
37.205	58.285	1.63416
37.255	58.3655	1.58523
37.305	58.4435	1.53726
37.355	58.5192	1.49051
37.405	58.5926	1.44521
37.455	58.6638	1.40156
37.505	58.7328	1.35972
37.555	58.7998	1.31983
37.605	58.8648	1.28201
37.655	58.928	1.24637
37.705	58.9895	1.21298
37.755	59.0493	1.18191
37.805	59.1077	1.1532
37.855	59.1647	1.1269
37.905	59.2204	1.10304
37.955	59.275	1.08164
38.005	59.3286	1.06271
38.055	59.3814	1.04626
38.105	59.4333	1.03231
38.155	59.4846	1.02085
38.205	59.5354	1.01189
38.255	59.5859	1.00543
38.305	59.636	1.00147
38.355	59.686	1.00001
38.405	59.7361	1.00105
38.455	59.7862	1.00459
38.505	59.8366	1.01063
38.555	59.8873	1.01917
38.605	59.9385	1.0302
38.655	59.9904	1.04374
38.705	60.0429	1.05976
38.755	60.0964	1.07828
38.805	60.1508	1.09926
38.855	60.2063	1.12271
38.905	60.2631	1.1486
38.955	60.3212	1.17691
39.005	60.3809	1.20758
39.055	60.442	1.24059
39.105	60.5049	1.27586
39.155	60.5697	1.31331
39.205	60.6363	1.35286
39.255	60.705	1.39438
39.305	60.7758	1.43774
39.355	60.8488	1.48278
39.405	60.9241	1.52929
39.455	61.0017	1.57707
39.505	61.0818	1.62586
39.555	61.1643	1.67537
39.605	61.2494	1.72528
39.655	61.3369	1.77524
39.705	61.4269	1.82486
39.755	61.5193	1.87372
39.805	61.6142	1.92139
39.855	61.7115	1.96739
39.905	61.8109	2.01126
39.955	61.9125	2.05249
40.005	62.0161	2.09062
40.055	62.1215	2.12516
40.105	62.2286	2.15568
40.155	62.337	2.18177
40.205	62.4467	2.20306
40.255	62.5572	2.21925
40.305	62.6685	2.23011
40.355	62.7802	2.23547
40.405	62.892	2.23526
40.455	63.0036	2.22948
40.505	63.1148	2.21821
40.555	63.2253	2.20163
40.605	63.3349	2.17996
40.655	63.4433	2.15353
40.705	63.5502	2.12269
40.755	63.6555	2.08786
40.805	63.7589	2.04949
40.855	63.8604	2.00804
40.905	63.9597	1.964
40.955	64.0567	1.91785
41.005	64.1514	1.87008
41.055	64.2437	1.82114
41.105	64.3335	1.77148
41.155	64.4208	1.72151
41.205	64.5057	1.67162
41.255	64.588	1.62216
41.305	64.6679	1.57343
41.355	64.7454	1.52574
41.405	64.8205	1.47933
41.455	64.8933	1.43441
41.505	64.964	1.39119
41.555	65.0325	1.34981
41.605	65.099	1.31041
41.655	65.1636	1.27312
41.705	65.2263	1.23802
41.755	65.2874	1.20519
41.805	65.3469	1.17469
41.855	65.4049	1.14657
41.905	65.4616	1.12086
41.955	65.517	1.0976
42.005	65.5714	1.07679
42.055	65.6248	1.05847
42.105	65.6773	1.04263
42.155	65.7291	1.02928
42.205	65.7802	1.01844
42.255	65.8309	1.01009
42.305	65.8813	1.00423
42.355	65.9314	1.00088
42.405	65.9814	1.00003
42.455	66.0315	1.00168
42.505	66.0816	1.00583
42.555	66.1321	1.01248
42.605	66.1829	1.02163
42.655	66.2343	1.03327
42.705	66.2863	1.04741
42.755	66.3391	1.06405
42.805	66.3927	1.08316
42.855	66.4474	1.10475
42.905	66.5033	1.1288
42.955	66.5603	1.15528
43.005	66.6188	1.18417
43.055	66.6788	1.21542
43.105	66.7404	1.24898
43.155	66.8037	1.28479
43.205	66.8689	1.32276
43.255	66.936	1.3628
43.305	67.0052	1.40479
43.355	67.0766	1.44857
43.405	67.1501	1.49399
43.455	67.226	1.54083
43.505	67.3042	1.58888
43.555	67.3849	1.63787
43.605	67.468	1.68751
43.655	67.5536	1.73747
43.705	67.6418	1.78738
43.755	67.7324	1.83686
43.805	67.8254	1.88547
43.855	67.9209	1.93278
43.905	68.0187	1.9783
43.955	68.1187	2.02157
44.005	68.2208	2.06209
44.055	68.3248	2.09938
44.105	68.4307	2.13299
44.155	68.5381	2.16246
44.205	68.6468	2.18741
44.255	68.7567	2.20748
44.305	68.8675	2.22239
44.355	68.9789	2.23193
44.405	69.0906	2.23593
44.455	69.2024	2.23436
44.505	69.3139	2.22723
44.555	69.425	2.21465
44.605	69.5353	2.1968
44.655	69.6446	2.17395
44.705	69.7526	2.1464
44.755	69.8592	2.11455
44.805	69.964	2.07882
44.855	70.067	2.03965
44.905	70.1679	1.99752
44.955	70.2667	1.95292
45.005	70.3632	1.90634
45.055	70.4573	1.85824
45.105	70.549	1.80909
45.155	70.6382	1.75931
45.205	70.7249	1.70933
45.255	70.8092	1.65951
45.305	70.8909	1.6102
45.355	70.9702	1.5617
45.405	71.0471	1.5143
45.455	71.1216	1.46823
45.505	71.1939	1.42371
45.555	71.264	1.38092
45.605	71.3321	1.34002
45.655	71.3981	1.30113
45.705	71.4622	1.26436
45.755	71.5246	1.22981
45.805	71.5852	1.19754
45.855	71.6443	1.16762
45.905	71.702	1.14008
45.955	71.7584	1.11496
46.005	71.8136	1.0923
46.055	71.8677	1.0721
46.105	71.9208	1.05438
46.155	71.9731	1.03915
46.205	72.0248	1.02641
46.255	72.0758	1.01617
46.305	72.1264	1.00843
46.355	72.1767	1.00319
46.405	72.2268	1.00045
46.455	72.2768	1.0002
46.505	72.3269	1.00246
46.555	72.3771	1.00722
46.605	72.4276	1.01448
46.655	72.4786	1.02424
46.705	72.5301	1.03649
46.755	72.5823	1.05124
46.805	72.6352	1.06848
46.855	72.6892	1.0882
46.905	72.7441	1.11039
46.955	72.8002	1.13503
47.005	72.8577	1.1621
47.055	72.9165	1.19157
47.105	72.9769	1.22339
47.155	73.0389	1.2575
47.205	73.1026	1.29385
47.255	73.1683	1.33234
47.305	73.2359	1.37286
47.355	73.3056	1.4153
47.405	73.3775	1.4595
47.455	73.4516	1.50528
47.505	73.528	1.55244
47.555	73.6068	1.60075
47.605	73.6881	1.64993
47.655	73.7718	1.69967
47.705	73.8581	1.74965
47.755	73.9468	1.7995
47.805	74.038	1.8488
47.855	74.1317	1.89714
47.905	74.2277	1.94406
47.955	74.326	1.98908
48.005	74.4266	2.03172
48.055	74.5292	2.0715
48.105	74.6337	2.10793
48.155	74.7399	2.14057
48.205	74.8477	2.16898
48.255	74.9567	2.19277
48.305	75.0668	2.2116
48.355	75.1778	2.22522
48.405	75.2893	2.23342
48.455	75.401	2.23607
48.505	75.5128	2.23313
48.555	75.6243	2.22466
48.605	75.7352	2.21078
48.655	75.8453	2.19168
48.705	75.9543	2.16765
48.755	76.0619	2.13902
48.805	76.1681	2.10618
48.855	76.2725	2.06957
48.905	76.375	2.02963
48.955	76.4754	1.98686
49.005	76.5736	1.94173
49.055	76.6696	1.89473
49.105	76.7631	1.84634
49.155	76.8542	1.79699
49.205	76.9428	1.74713
49.255	77.0289	1.69716
49.305	77.1125	1.64743
49.355	77.1936	1.59829
49.405	77.2723	1.55004
49.455	77.3487	1.50294
49.505	77.4227	1.45723
49.555	77.4944	1.41312
49.605	77.564	1.37077
49.655	77.6315	1.33035
49.705	77.6971	1.29196
49.755	77.7608	1.25573
49.805	77.8227	1.22173
49.855	77.883	1.19003
49.905	77.9417	1.16068
49.955	77.9991	1.13373
50.005	78.0551	1.10921
