0	0	1
0.005	0.00499998	0.999988
0.055	0.0549723	0.998488
0.105	0.104807	0.994498
0.155	0.154381	0.988035
0.205	0.20357	0.979133
0.255	0.252254	0.967835
0.305	0.300315	0.954194
0.355	0.347636	0.938276
0.405	0.394105	0.920153
0.455	0.439616	0.899906
0.505	0.484062	0.877624
0.555	0.527346	0.8534
0.605	0.569371	0.827333
0.655	0.61005	0.799524
0.705	0.649297	0.770077
0.755	0.687032	0.739097
0.805	0.723182	0.706687
0.855	0.757679	0.672954
0.905	0.790457	0.637997
0.955	0.82146	0.601919
1.005	0.850632	0.564815
1.055	0.877926	0.52678
1.105	0.903296	0.487903
1.155	0.926703	0.448271
1.205	0.948112	0.407965
1.255	0.96749	0.367065
1.305	0.98481	0.325643
1.355	1.00005	0.283771
1.405	1.01318	0.241515
1.455	1.02419	0.19894
1.505	1.03307	0.156105
1.555	1.0398	0.113071
1.605	1.04437	0.0698938
1.655	1.04679	0.0266285
1.705	1.04704	-0.0166702
1.755	1.04512	-0.059948
1.805	1.04104	-0.10315
1.855	1.03481	-0.146223
1.905	1.02642	-0.189108
1.955	1.0159	-0.231748
2.005	1.00325	-0.274083
2.055	0.9885	-0.316049
2.105	0.971657	-0.35758
2.155	0.95275	-0.398607
2.205	0.931806	-0.439057
2.255	0.908855	-0.478851
2.305	0.883933	-0.517909
2.355	0.857078	-0.556146
2.405	0.828334	-0.593472
2.455	0.797748	-0.629795
2.505	0.765373	-0.665018
2.555	0.731266	-0.699042
2.605	0.69549	-0.731765
2.655	0.658113	-0.763083
2.705	0.619207	-0.792892
2.755	0.57885	-0.821087
2.805	0.537127	-0.847564
2.855	0.494124	-0.87222
2.905	0.449937	-0.894958
2.955	0.404662	-0.915681
3.005	0.358404	-0.9343
3.055	0.311269	-0.950732
3.105	0.263368	-0.964903
3.155	0.214817	-0.976745
3.205	0.165734	-0.986202
3.255	0.116238	-0.993229
3.305	0.0664517	-0.99779
3.355	0.0165	-0.999864
3.405	-0.033493	-0.999439
3.455	-0.0834023	-0.996518
3.505	-0.133103	-0.991115
3.555	-0.182473	-0.983258
3.605	-0.231389	-0.972984
3.655	-0.279732	-0.960343
3.705	-0.327385	-0.945396
3.755	-0.374234	-0.928211
3.805	-0.42017	-0.908867
3.855	-0.465086	-0.887449
3.905	-0.508882	-0.864048
3.955	-0.55146	-0.838762
4.005	-0.592728	-0.811689
4.055	-0.632601	-0.782934
4.105	-0.670995	-0.7526
4.155	-0.707836	-0.720792
4.205	-0.743052	-0.687615
4.255	-0.776576	-0.653172
4.305	-0.808349	-0.617564
4.355	-0.838315	-0.58089
4.405	-0.866422	-0.543244
4.455	-0.892625	-0.504718
4.505	-0.916881	-0.4654
4.555	-0.939153	-0.425375
4.605	-0.959408	-0.384721
4.655	-0.977616	-0.343514
4.705	-0.993751	-0.301827
4.755	-1.00779	-0.259728
4.805	-1.01972	-0.217283
4.855	-1.02952	-0.174553
4.905	-1.03717	-0.131597
4.955	-1.04267	-0.0884747
5.005	-1.04602	-0.0452404
5.055	-1.0472	-0.00194948
5.105	-1.04621	0.0413439
5.155	-1.04306	0.0845855
5.205	-1.03775	0.127721
5.255	-1.03029	0.170693
5.305	-1.02069	0.213446
5.355	-1.00895	0.25592
5.405	-0.995102	0.298052
5.455	-0.979154	0.339779
5.505	-0.961132	0.381032
5.555	-0.94106	0.421739
5.605	-0.918968	0.461824
5.655	-0.894889	0.501209
5.705	-0.86886	0.53981
5.755	-0.840923	0.577539
5.805	-0.811123	0.614304
5.855	-0.77951	0.650012
5.905	-0.746141	0.684564
5.955	-0.711074	0.717859
6.005	-0.674377	0.749795
6.055	-0.636119	0.780266
6.105	-0.596377	0.809167
6.155	-0.555231	0.836396
6.205	-0.512767	0.861847
6.255	-0.469077	0.885422
6.305	-0.424258	0.907022
6.355	-0.378409	0.926556
6.405	-0.331638	0.943939
6.455	-0.284053	0.959091
6.505	-0.235767	0.971942
6.555	-0.186898	0.982431
6.605	-0.137564	0.990508
6.655	-0.0878879	0.996133
6.705	-0.0379923	0.999278
6.755	0.0119983	0.999928
6.805	0.0619589	0.998079
6.855	0.111765	0.993741
6.905	0.161292	0.986935
6.955	0.210418	0.977695
7.005	0.259022	0.966065
7.055	0.306985	0.952102
7.105	0.354194	0.93587
7.155	0.400536	0.917445
7.205	0.445903	0.896907
7.255	0.490193	0.874348
7.305	0.533306	0.84986
7.355	0.575148	0.823543
7.405	0.615631	0.795499
7.455	0.654671	0.765831
7.505	0.692189	0.734644
7.555	0.728112	0.702043
7.605	0.762372	0.668132
7.655	0.794905	0.633013
7.705	0.825654	0.596785
7.755	0.854567	0.559545
7.805	0.881594	0.521387
7.855	0.906691	0.482399
7.905	0.929821	0.442668
7.955	0.950947	0.402274
8.005	0.970039	0.361296
8.055	0.987068	0.319808
8.105	1.00201	0.277878
8.155	1.01485	0.235574
8.205	1.02556	0.192958
8.255	1.03414	0.150093
8.305	1.04057	0.107035
8.355	1.04484	0.0638419
8.405	1.04695	0.0205687
8.455	1.0469	-0.0227303
8.505	1.04468	-0.0660009
8.555	1.0403	-0.109188
8.605	1.03376	-0.152238
8.655	1.02508	-0.195092
8.705	1.01426	-0.237694
8.755	1.00132	-0.279981
8.805	0.986267	-0.32189
8.855	0.969134	-0.363355
8.905	0.94994	-0.404306
8.955	0.928713	-0.444668
9.005	0.905485	-0.484364
9.055	0.88029	-0.523312
9.105	0.853167	-0.561427
9.155	0.824162	-0.598619
9.205	0.793322	-0.634793
9.255	0.760701	-0.669855
9.305	0.726357	-0.703703
9.355	0.690353	-0.736235
9.405	0.652757	-0.767349
9.455	0.613644	-0.796938
9.505	0.573091	-0.824899
9.555	0.531183	-0.851127
9.605	0.488009	-0.875521
9.655	0.443663	-0.897982
9.705	0.398244	-0.918415
9.755	0.351856	-0.936733
9.805	0.304607	-0.952853
9.855	0.256609	-0.966702
9.905	0.207976	-0.978213
9.955	0.158828	-0.987333
10.005	0.109284	-0.994017
10.055	0.059467	-0.998231
10.105	0.00950199	-0.999955
10.155	-0.0404868	-0.99918
10.205	-0.0903744	-0.995911
10.255	-0.140037	-0.990163
10.305	-0.18935	-0.981964
10.355	-0.238193	-0.971356
10.405	-0.286446	-0.958388
10.455	-0.333993	-0.943123
10.505	-0.380721	-0.925632
10.555	-0.426521	-0.905992
10.605	-0.471286	-0.884291
10.655	-0.514917	-0.86062
10.705	-0.557317	-0.835078
10.755	-0.598395	-0.807763
10.805	-0.638065	-0.778781
10.855	-0.676247	-0.748234
10.905	-0.712865	-0.716228
10.955	-0.747847	-0.682868
11.005	-0.781131	-0.648256
11.055	-0.812654	-0.612493
11.105	-0.842362	-0.575677
11.155	-0.870206	-0.537902
11.205	-0.896138	-0.49926
11.255	-0.920119	-0.459839
11.305	-0.94211	-0.41972
11.355	-0.96208	-0.378984
11.405	-0.98	-0.337706
11.455	-0.995843	-0.295958
11.505	-1.00959	-0.253807
11.555	-1.02122	-0.211318
11.605	-1.03072	-0.168552
11.655	-1.03807	-0.12557
11.705	-1.04327	-0.0824286
11.755	-1.04631	-0.0391831
11.805	-1.04719	0.00411146
11.855	-1.0459	0.0474009
11.905	-1.04245	0.0906309
11.955	-1.03684	0.133747
12.005	-1.02908	0.176692
12.055	-1.01917	0.219409
12.105	-1.00714	0.261839
12.155	-0.992995	0.303919
12.205	-0.976756	0.345583
12.255	-0.958445	0.386764
12.305	-0.938089	0.427389
12.355	-0.915717	0.467381
12.405	-0.891362	0.506661
12.455	-0.865064	0.545145
12.505	-0.836863	0.582745
12.555	-0.806806	0.619368
12.605	-0.774944	0.654921
12.655	-0.741333	0.689303
12.705	-0.706035	0.722414
12.755	-0.669115	0.75415
12.805	-0.630644	0.784408
12.855	-0.5907	0.813082
12.905	-0.549364	0.840068
12.955	-0.506723	0.865262
13.005	-0.462869	0.888566
13.055	-0.4179	0.909883
13.105	-0.371916	0.929121
13.155	-0.325024	0.946196
13.205	-0.277334	0.96103
13.255	-0.228959	0.973553
13.305	-0.180018	0.983708
13.355	-0.130629	0.991444
13.405	-0.0809143	0.996723
13.455	-0.0309979	0.999519
13.505	0.018996	0.99982
13.555	0.0689424	0.997622
13.605	0.118717	0.992936
13.655	0.168195	0.985788
13.705	0.217255	0.97621
13.755	0.265776	0.96425
13.805	0.313641	0.949965
13.855	0.360735	0.933421
13.905	0.406947	0.914695
13.955	0.45217	0.893869
14.005	0.4963	0.871034
14.055	0.539241	0.846284
14.105	0.580899	0.819719
14.155	0.621185	0.791441
14.205	0.660016	0.761554
14.255	0.697315	0.730163
14.305	0.733009	0.697373
14.355	0.767031	0.663287
14.405	0.799318	0.628006
14.455	0.829813	0.591631
14.505	0.858464	0.554257
14.555	0.885224	0.515978
14.605	0.910048	0.476881
14.655	0.932899	0.437052
14.705	0.953743	0.396572
14.755	0.972547	0.355518
14.805	0.989286	0.313964
14.855	1.00394	0.271977
14.905	1.01648	0.229626
14.955	1.02689	0.186972
15.005	1.03517	0.144076
15.055	1.0413	0.100996
15.105	1.04527	0.0577885
15.155	1.04708	0.0145084
15.205	1.04672	-0.0287899
15.255	1.0442	-0.0720522
15.305	1.03952	-0.115224
15.355	1.03268	-0.158249
15.405	1.02369	-0.201072
15.455	1.01257	-0.243633
15.505	0.999336	-0.285871
15.555	0.983994	-0.327722
15.605	0.966571	-0.36912
15.655	0.947091	-0.409992
15.705	0.925582	-0.450266
15.755	0.902076	-0.489863
15.805	0.876608	-0.5287
15.855	0.84922	-0.566691
15.905	0.819955	-0.603745
15.955	0.788862	-0.63977
16.005	0.755997	-0.674668
16.055	0.721416	-0.708338
16.105	0.685185	-0.740678
16.155	0.647372	-0.771585
16.205	0.608052	-0.800952
16.255	0.567304	-0.828677
16.305	0.525214	-0.854654
16.355	0.48187	-0.878783
16.405	0.437368	-0.900966
16.455	0.391807	-0.921109
16.505	0.345292	-0.939124
16.555	0.297932	-0.95493
16.605	0.249837	-0.968455
16.655	0.201125	-0.979635
16.705	0.151914	-0.988416
16.755	0.102324	-0.994756
16.805	0.0524794	-0.998622
16.855	0.00250355	-0.999997
16.905	-0.0474786	-0.998872
16.955	-0.0973421	-0.995255
17.005	-0.146963	-0.989162
17.055	-0.196218	-0.980623
17.105	-0.244985	-0.969681
17.155	-0.293146	-0.956388
17.205	-0.340586	-0.940807
17.255	-0.38719	-0.92301
17.305	-0.432851	-0.903076
17.355	-0.477464	-0.881094
17.405	-0.520928	-0.857155
17.455	-0.563148	-0.831359
17.505	-0.604035	-0.803805
17.555	-0.643501	-0.774597
17.605	-0.681468	-0.743839
17.655	-0.717861	-0.711638
17.705	-0.75261	-0.678096
17.755	-0.78565	-0.643317
17.805	-0.816923	-0.607401
17.855	-0.846373	-0.570445
17.905	-0.873951	-0.532544
17.955	-0.899613	-0.493788
18.005	-0.923317	-0.454263
18.055	-0.945028	-0.414054
18.105	-0.964713	-0.373238
18.155	-0.982343	-0.331889
18.205	-0.997894	-0.290081
18.255	-1.01134	-0.247878
18.305	-1.02268	-0.205347
18.355	-1.03187	-0.162548
18.405	-1.03893	-0.11954
18.455	-1.04383	-0.0763804
18.505	-1.04656	-0.0331248
18.555	-1.04714	0.0101723
18.605	-1.04555	0.0534567
18.655	-1.04179	0.096674
18.705	-1.03588	0.139769
18.755	-1.02782	0.182686
18.805	-1.01762	0.225367
18.855	-1.00529	0.267752
18.905	-0.990848	0.309777
18.955	-0.974317	0.351378
19.005	-0.955718	0.392485
19.055	-0.935078	0.433026
19.105	-0.912426	0.472924
19.155	-0.887797	0.512098
19.205	-0.86123	0.550463
19.255	-0.832766	0.587932
19.305	-0.802453	0.624411
19.355	-0.770343	0.659806
19.405	-0.736492	0.694016
19.455	-0.700963	0.726941
19.505	-0.663821	0.758477
19.555	-0.62514	0.788519
19.605	-0.584996	0.816963
19.655	-0.543472	0.843704
19.705	-0.500656	0.86864
19.755	-0.45664	0.891672
19.805	-0.411522	0.912703
19.855	-0.365404	0.931643
19.905	-0.318394	0.948409
19.955	-0.270601	0.962923
20.005	-0.22214	0.975119
20.055	-0.173129	0.984937
20.105	-0.123687	0.992331
20.155	-0.0739367	0.997264
20.205	-0.024002	0.999712
20.255	0.0259928	0.999662
20.305	0.0759226	0.997115
20.355	0.125663	0.992083
20.405	0.17509	0.984592
20.455	0.224082	0.974678
20.505	0.272518	0.962389
20.555	0.320282	0.947783
20.605	0.367259	0.93093
20.655	0.413339	0.911904
20.705	0.458415	0.890792
20.755	0.502385	0.867683
20.805	0.545151	0.842673
20.855	0.586622	0.815862
20.905	0.626709	0.787352
20.955	0.665331	0.757249
21.005	0.702409	0.725655
21.055	0.737873	0.692677
21.105	0.771656	0.658418
21.155	0.803695	0.622979
21.205	0.833935	0.586458
21.255	0.862325	0.548952
21.305	0.888816	0.510552
21.355	0.913366	0.471348
21.405	0.935939	0.431423
21.455	0.956498	0.390859
21.505	0.975015	0.34973
21.555	0.991463	0.308111
21.605	1.00582	0.26607
21.655	1.01806	0.223672
21.705	1.02818	0.180981
21.755	1.03616	0.138056
21.805	1.04198	0.0949546
21.855	1.04565	0.0517336
21.905	1.04716	0.00844768
21.955	1.0465	-0.0348488
22.005	1.04367	-0.0781017
22.055	1.03869	-0.121256
22.105	1.03155	-0.164257
22.155	1.02227	-0.207046
22.205	1.01085	-0.249566
22.255	0.997314	-0.291754
22.305	0.98168	-0.333546
22.355	0.963968	-0.374874
22.405	0.944202	-0.415667
22.455	0.922411	-0.455851
22.505	0.898628	-0.495346
22.555	0.872889	-0.53407
22.605	0.845235	-0.571936
22.655	0.815712	-0.608852
22.705	0.784368	-0.644725
22.755	0.751258	-0.679457
22.805	0.716443	-0.712947
22.855	0.679986	-0.745093
22.905	0.641957	-0.77579
22.955	0.602433	-0.804934
23.005	0.561492	-0.83242
23.055	0.51922	-0.858145
23.105	0.475708	-0.882008
23.155	0.431052	-0.90391
23.205	0.385351	-0.92376
23.255	0.338712	-0.941471
23.305	0.291241	-0.956962
23.355	0.243053	-0.970162
23.405	0.194264	-0.98101
23.455	0.144993	-0.989451
23.505	0.0953599	-0.995446
23.555	0.0454893	-0.998965
23.605	-0.00449502	-0.99999
23.655	-0.0544681	-0.998516
23.705	-0.104305	-0.99455
23.755	-0.153882	-0.988113
23.805	-0.203076	-0.979235
23.855	-0.251765	-0.967961
23.905	-0.299833	-0.954344
23.955	-0.347162	-0.938448
24.005	-0.393641	-0.920346
24.055	-0.439161	-0.900121
24.105	-0.483619	-0.877859
24.155	-0.526915	-0.853654
24.205	-0.568954	-0.827605
24.255	-0.609646	-0.799813
24.305	-0.648908	-0.770382
24.355	-0.686659	-0.739417
24.405	-0.722825	-0.707021
24.455	-0.757339	-0.673301
24.505	-0.790135	-0.638356
24.555	-0.821156	-0.602289
24.605	-0.850347	-0.565195
24.655	-0.87766	-0.527168
24.705	-0.90305	-0.4883
24.755	-0.926477	-0.448675
24.805	-0.947906	-0.408375
24.855	-0.967305	-0.36748
24.905	-0.984645	-0.326064
24.955	-0.999903	-0.284196
25.005	-1.01306	-0.241943
25.055	-1.02409	-0.199371
25.105	-1.03299	-0.156539
25.155	-1.03974	-0.113507
25.205	-1.04434	-0.0703304
25.255	-1.04677	-0.0270657
25.305	-1.04705	0.0162329
25.355	-1.04515	0.0595112
25.405	-1.0411	0.102715
25.455	-1.03488	0.145788
25.505	-1.02652	0.188676
25.555	-1.01602	0.231319
25.605	-1.00339	0.273657
25.655	-0.988659	0.315627
25.705	-0.971837	0.357163
25.755	-0.952951	0.398196
25.805	-0.932028	0.438651
25.855	-0.909097	0.478453
25.905	-0.884195	0.517518
25.955	-0.857359	0.555764
26.005	-0.828633	0.5931
26.055	-0.798066	0.629433
26.105	-0.765708	0.664668
26.155	-0.731619	0.698704
26.205	-0.695859	0.731441
26.255	-0.658498	0.762774
26.305	-0.619607	0.792599
26.355	-0.579265	0.820811
26.405	-0.537555	0.847305
26.455	-0.494565	0.871981
26.505	-0.450389	0.894738
26.555	-0.405125	0.915482
26.605	-0.358876	0.934122
26.655	-0.311749	0.950577
26.705	-0.263855	0.964771
26.755	-0.21531	0.976637
26.805	-0.166232	0.986119
26.855	-0.116739	0.99317
26.905	-0.0669556	0.997757
26.955	-0.0170049	0.999855
27.005	0.0329883	0.999456
27.055	0.0828991	0.99656
27.105	0.132603	0.991182
27.155	0.181976	0.983349
27.205	0.230898	0.9731
27.255	0.279247	0.960482
27.305	0.326907	0.945558
27.355	0.373765	0.928396
27.405	0.419711	0.909073
27.455	0.464638	0.887675
27.505	0.508445	0.864294
27.555	0.551036	0.839026
27.605	0.592318	0.811971
27.655	0.632205	0.783232
27.705	0.670615	0.752914
27.755	0.707472	0.72112
27.805	0.742704	0.687957
27.855	0.776247	0.653526
27.905	0.808038	0.61793
27.955	0.838022	0.581265
28.005	0.866148	0.543629
28.055	0.89237	0.505111
28.105	0.916646	0.465801
28.155	0.938938	0.425782
28.205	0.959214	0.385134
28.255	0.977442	0.343933
28.305	0.993599	0.30225
28.355	1.00766	0.260155
28.405	1.01961	0.217713
28.455	1.02943	0.174985
28.505	1.0371	0.132032
28.555	1.04263	0.0889109
28.605	1.04599	0.0456775
28.655	1.04719	0.00238679
28.705	1.04623	-0.0409069
28.755	1.0431	-0.0841493
28.805	1.03782	-0.127286
28.855	1.03038	-0.17026
28.905	1.0208	-0.213016
28.955	1.00908	-0.255492
29.005	0.995252	-0.297629
29.055	0.979326	-0.33936
29.105	0.961324	-0.380618
29.155	0.941273	-0.42133
29.205	0.919201	-0.461423
29.255	0.895142	-0.500815
29.305	0.869133	-0.539424
29.355	0.841214	-0.577162
29.405	0.811433	-0.613938
29.455	0.779838	-0.649657
29.505	0.746486	-0.684222
29.555	0.711437	-0.71753
29.605	0.674756	-0.749479
29.655	0.636513	-0.779965
29.705	0.596785	-0.808884
29.755	0.555653	-0.836129
29.805	0.513202	-0.8616
29.855	0.469524	-0.885193
29.905	0.424716	-0.906814
29.955	0.378877	-0.92637
30.005	0.332114	-0.943774
30.055	0.284537	-0.958949
30.105	0.236258	-0.971824
30.155	0.187394	-0.982337
30.205	0.138064	-0.990439
30.255	0.0883909	-0.996088
30.305	0.0384969	-0.999259
30.355	-0.0114934	-0.999934
30.405	-0.0614549	-0.99811
30.455	-0.111263	-0.993797
30.505	-0.160793	-0.987016
30.555	-0.209924	-0.9778
30.605	-0.258534	-0.966194
30.655	-0.306504	-0.952254
30.705	-0.353721	-0.936045
30.755	-0.400072	-0.917641
30.805	-0.44545	-0.897125
30.855	-0.489751	-0.874586
30.905	-0.532877	-0.850117
30.955	-0.574732	-0.823818
31.005	-0.61523	-0.79579
31.055	-0.654284	-0.766138
31.105	-0.691818	-0.734966
31.155	-0.727757	-0.702379
31.205	-0.762034	-0.668481
31.255	-0.794585	-0.633373
31.305	-0.825353	-0.597156
31.355	-0.854284	-0.559926
31.405	-0.88133	-0.521777
31.455	-0.906448	-0.482797
31.505	-0.929597	-0.443073
31.555	-0.950744	-0.402685
31.605	-0.969856	-0.361713
31.655	-0.986907	-0.320229
31.705	-1.00187	-0.278303
31.755	-1.01473	-0.236002
31.805	-1.02547	-0.19339
31.855	-1.03407	-0.150527
31.905	-1.04052	-0.107471
31.955	-1.04481	-0.0642786
32.005	-1.04694	-0.0210059
32.055	-1.04691	0.0222931
32.105	-1.04471	0.0655642
32.155	-1.04036	0.108753
32.205	-1.03384	0.151804
32.255	-1.02518	0.194661
32.305	-1.01438	0.237265
32.355	-1.00146	0.279555
32.405	-0.98643	0.321469
32.455	-0.969318	0.362939
32.505	-0.950144	0.403895
32.555	-0.928938	0.444263
32.605	-0.905729	0.483967
32.655	-0.880554	0.522923
32.705	-0.853451	0.561047
32.755	-0.824464	0.598248
32.805	-0.793643	0.634433
32.855	-0.76104	0.669506
32.905	-0.726712	0.703367
32.955	-0.690725	0.735914
33.005	-0.653145	0.767042
33.055	-0.614046	0.796647
33.105	-0.573507	0.824625
33.155	-0.531612	0.850871
33.205	-0.488451	0.875284
33.255	-0.444116	0.897765
33.305	-0.398708	0.918219
33.355	-0.352329	0.936559
33.405	-0.305089	0.952702
33.455	-0.257097	0.966574
33.505	-0.20847	0.978109
33.555	-0.159326	0.987253
33.605	-0.109785	0.993961
33.655	-0.0599711	0.998201
33.705	-0.0100069	0.99995
33.755	0.0399822	0.9992
33.805	0.0898715	0.995956
33.855	0.139537	0.990233
33.905	0.188854	0.982059
33.955	0.237702	0.971475
34.005	0.285962	0.958531
34.055	0.333517	0.943289
34.105	0.380254	0.925819
34.155	0.426063	0.906201
34.205	0.47084	0.88452
34.255	0.514482	0.860869
34.305	0.556895	0.835345
34.355	0.597987	0.808048
34.405	0.637672	0.779081
34.455	0.675869	0.74855
34.505	0.712503	0.716559
34.555	0.747502	0.683212
34.605	0.780803	0.648612
34.655	0.812344	0.61286
34.705	0.842071	0.576054
34.755	0.869934	0.538288
34.805	0.895886	0.499655
34.855	0.919886	0.46024
34.905	0.941898	0.420129
34.955	0.961889	0.379399
35.005	0.979829	0.338126
35.055	0.995694	0.296382
35.105	1.00946	0.254234
35.155	1.02111	0.211748
35.205	1.03063	0.168985
35.255	1.03801	0.126005
35.305	1.04323	0.0828649
35.355	1.04629	0.0396202
35.405	1.04719	-0.00367415
35.455	1.04592	-0.0469639
35.505	1.04249	-0.0901948
35.555	1.03691	-0.133312
35.605	1.02917	-0.176259
35.655	1.01928	-0.218979
35.705	1.00727	-0.261412
35.755	0.993149	-0.303496
35.805	0.97693	-0.345165
35.855	0.95864	-0.386351
35.905	0.938304	-0.426981
35.955	0.915952	-0.46698
36.005	0.891618	-0.506268
36.055	0.865339	-0.544761
36.105	0.837157	-0.58237
36.155	0.807118	-0.619004
36.205	0.775274	-0.654567
36.255	0.741681	-0.688962
36.305	0.706399	-0.722086
36.355	0.669495	-0.753837
36.405	0.63104	-0.78411
36.455	0.591111	-0.8128
36.505	0.549788	-0.839804
36.555	0.50716	-0.865017
36.605	0.463318	-0.888341
36.655	0.418359	-0.909678
36.705	0.372385	-0.928937
36.755	0.325501	-0.946034
36.805	0.277819	-0.960891
36.855	0.229451	-0.973439
36.905	0.180514	-0.983617
36.955	0.131129	-0.991378
37.005	0.0814176	-0.996682
37.055	0.0315026	-0.999504
37.105	-0.0184911	-0.999829
37.155	-0.0684387	-0.997656
37.205	-0.118215	-0.992996
37.255	-0.167697	-0.985872
37.305	-0.216762	-0.976319
37.355	-0.265289	-0.964382
37.405	-0.313161	-0.95012
37.455	-0.360264	-0.933599
37.505	-0.406485	-0.914895
37.555	-0.451718	-0.89409
37.605	-0.49586	-0.871274
37.655	-0.538814	-0.846544
37.705	-0.580485	-0.819996
37.755	-0.620785	-0.791735
37.805	-0.659631	-0.761864
37.855	-0.696946	-0.730488
37.905	-0.732657	-0.697711
37.955	-0.766696	-0.663637
38.005	-0.799	-0.628368
38.055	-0.829514	-0.592004
38.105	-0.858184	-0.55464
38.155	-0.884963	-0.516368
38.205	-0.909807	-0.477279
38.255	-0.932679	-0.437458
38.305	-0.953542	-0.396984
38.355	-0.972367	-0.355935
38.405	-0.989127	-0.314385
38.455	-1.0038	-0.272403
38.505	-1.01636	-0.230055
38.555	-1.0268	-0.187404
38.605	-1.0351	-0.14451
38.655	-1.04125	-0.101432
38.705	-1.04524	-0.0582253
38.755	-1.04707	-0.0149456
38.805	-1.04673	0.0283527
38.855	-1.04423	0.0716156
38.905	-1.03957	0.114788
38.955	-1.03276	0.157816
39.005	-1.0238	0.200641
39.055	-1.0127	0.243205
39.105	-0.99948	0.285446
39.155	-0.98416	0.327302
39.205	-0.966757	0.368704
39.255	-0.947298	0.409582
39.305	-0.925809	0.449863
39.355	-0.902323	0.489466
39.405	-0.876875	0.528311
39.455	-0.849506	0.566311
39.505	-0.82026	0.603376
39.555	-0.789185	0.639412
39.605	-0.756337	0.674321
39.655	-0.721774	0.708004
39.705	-0.685559	0.740358
39.755	-0.647762	0.77128
39.805	-0.608456	0.800664
39.855	-0.567723	0.828405
39.905	-0.525645	0.854401
39.955	-0.482313	0.878549
40.005	-0.437823	0.900752
40.055	-0.392272	0.920916
40.105	-0.345766	0.938953
40.155	-0.298414	0.954782
40.205	-0.250326	0.96833
40.255	-0.20162	0.979534
40.305	-0.152413	0.98834
40.355	-0.102827	0.994704
40.405	-0.0529837	0.998596
40.455	-0.00300851	0.999995
40.505	0.0469742	0.998896
40.555	0.0968396	0.995304
40.605	0.146463	0.989235
40.655	0.195722	0.980722
40.705	0.244495	0.969804
40.755	0.292664	0.956534
40.805	0.340111	0.940976
40.855	0.386724	0.9232
40.905	0.432395	0.903288
40.955	0.477019	0.881326
41.005	0.520495	0.857407
41.055	0.562728	0.831628
41.105	0.603629	0.804091
41.155	0.64311	0.774899
41.205	0.681093	0.744158
41.255	0.717502	0.71197
41.305	0.752267	0.678442
41.355	0.785325	0.643674
41.405	0.816616	0.607769
41.455	0.846085	0.570823
41.505	0.873682	0.532931
41.555	0.899364	0.494183
41.605	0.923088	0.454666
41.655	0.944819	0.414463
41.705	0.964524	0.373653
41.755	0.982175	0.332309
41.805	0.997747	0.290505
41.855	1.01122	0.248306
41.905	1.02257	0.205778
41.955	1.03179	0.162981
42.005	1.03887	0.119975
42.055	1.04379	0.0768169
42.105	1.04655	0.033562
42.155	1.04714	-0.009735
42.205	1.04557	-0.0530198
42.255	1.04184	-0.0962381
42.305	1.03595	-0.139335
42.355	1.02791	-0.182254
42.405	1.01773	-0.224937
42.455	1.00542	-0.267325
42.505	0.991004	-0.309355
42.555	0.974494	-0.35096
42.605	0.955916	-0.392073
42.655	0.935296	-0.43262
42.705	0.912665	-0.472524
42.755	0.888056	-0.511706
42.805	0.861508	-0.55008
42.855	0.833063	-0.587558
42.905	0.802768	-0.624048
42.955	0.770676	-0.659454
43.005	0.736843	-0.693677
43.055	0.70133	-0.726615
43.105	0.664204	-0.758166
43.155	0.625538	-0.788224
43.205	0.585409	-0.816684
43.255	0.543898	-0.843443
43.305	0.501094	-0.868398
43.355	0.45709	-0.891449
43.405	0.411983	-0.912501
43.455	0.365875	-0.931462
43.505	0.318873	-0.94825
43.555	0.271087	-0.962788
43.605	0.222633	-0.975007
43.655	0.173626	-0.98485
43.705	0.124188	-0.992269
43.755	0.0744403	-0.997227
43.805	0.0245068	-0.9997
43.855	-0.025488	-0.999675
43.905	-0.0754191	-0.997153
43.955	-0.125162	-0.992147
44.005	-0.174593	-0.98468
44.055	-0.22359	-0.97479
44.105	-0.272032	-0.962525
44.155	-0.319803	-0.947942
44.205	-0.366789	-0.931111
44.255	-0.412878	-0.912107
44.305	-0.457965	-0.891015
44.355	-0.501946	-0.867926
44.405	-0.544726	-0.842935
44.455	-0.58621	-0.816141
44.505	-0.626312	-0.787648
44.555	-0.664948	-0.75756
44.605	-0.702043	-0.725982
44.655	-0.737523	-0.693017
44.705	-0.771323	-0.65877
44.755	-0.803381	-0.623342
44.805	-0.833639	-0.586832
44.855	-0.862047	-0.549335
44.905	-0.888558	-0.510944
44.955	-0.913128	-0.471748
45.005	-0.935721	-0.43183
45.055	-0.956301	-0.391271
45.105	-0.974838	-0.350148
45.155	-0.991307	-0.308534
45.205	-1.00568	-0.266496
45.255	-1.01795	-0.224102
45.305	-1.02809	-0.181413
45.355	-1.03609	-0.13849
45.405	-1.04194	-0.0953906
45.455	-1.04563	-0.0521705
45.505	-1.04715	-0.00888498
45.555	-1.04651	0.0344117
45.605	-1.04371	0.0776652
45.655	-1.03875	0.120821
45.705	-1.03163	0.163824
45.755	-1.02237	0.206616
45.805	-1.01097	0.249138
45.855	-0.997462	0.29133
45.905	-0.981849	0.333126
45.955	-0.964157	0.374459
46.005	-0.944412	0.415258
46.055	-0.922641	0.455449
46.105	-0.898878	0.494951
46.155	-0.873159	0.533683
46.205	-0.845524	0.571558
46.255	-0.816019	0.608484
46.305	-0.784693	0.644368
46.355	-0.751601	0.679112
46.405	-0.716803	0.712615
46.455	-0.680362	0.744775
46.505	-0.642349	0.775488
46.555	-0.602839	0.804648
46.605	-0.561912	0.832151
46.655	-0.519653	0.857894
46.705	-0.476153	0.881776
46.755	-0.431508	0.903699
46.805	-0.385818	0.92357
46.855	-0.339187	0.941303
46.905	-0.291724	0.956817
46.955	-0.243543	0.970041
47.005	-0.19476	0.980912
47.055	-0.145492	0.989378
47.105	-0.0958626	0.995398
47.155	-0.0459937	0.998942
47.205	0.00399005	0.999992
47.255	0.0539638	0.998543
47.305	0.103803	0.994603
47.355	0.153383	0.98819
47.405	0.202581	0.979337
47.455	0.251277	0.968087
47.505	0.299351	0.954493
47.555	0.346688	0.938619
47.605	0.393176	0.92054
47.655	0.438707	0.900335
47.705	0.483176	0.878093
47.755	0.526483	0.853908
47.805	0.568536	0.827877
47.855	0.609242	0.800102
47.905	0.648518	0.770687
47.955	0.686285	0.739737
48.005	0.722468	0.707355
48.055	0.756999	0.673647
48.105	0.789813	0.638715
48.155	0.820851	0.602658
48.205	0.850061	0.565574
48.255	0.877393	0.527557
48.305	0.902803	0.488696
48.355	0.92625	0.449078
48.405	0.9477	0.408785
48.455	0.967119	0.367896
48.505	0.98448	0.326484
48.555	0.99976	0.284621
48.605	1.01294	0.242372
48.655	1.02399	0.199802
48.705	1.03291	0.156973
48.755	1.03969	0.113942
48.805	1.0443	0.070767
48.855	1.04676	0.0275029
48.905	1.04705	-0.0157956
48.955	1.04518	-0.0590744
49.005	1.04115	-0.102279
49.055	1.03496	-0.145354
49.105	1.02661	-0.188244
49.155	1.01614	-0.23089
49.205	1.00353	-0.273231
49.255	0.988818	-0.315206
49.305	0.972018	-0.356746
49.355	0.953152	-0.397784
49.405	0.932249	-0.438246
49.455	0.909339	-0.478054
49.505	0.884456	-0.517128
49.555	0.857639	-0.555382
49.605	0.828933	-0.592728
49.655	0.798383	-0.629072
49.705	0.766044	-0.664318
49.755	0.731972	-0.698367
49.805	0.696229	-0.731117
49.855	0.658883	-0.762465
49.905	0.620007	-0.792306
49.955	0.579679	-0.820534
50.005	0.537983	-0.847047
