0	0	2
0.005	0.00999996	1.99998
0.055	0.109945	1.99698
0.105	0.209615	1.98903
0.155	0.308766	1.97621
0.205	0.407158	1.9587
0.255	0.504561	1.93669
0.305	0.600757	1.91045
0.355	0.69554	1.88027
0.405	0.788724	1.84648
0.455	0.880135	1.80945
0.505	0.96962	1.76953
0.555	1.05705	1.72711
0.605	1.1423	1.68256
0.655	1.22527	1.63627
0.705	1.3059	1.58859
0.755	1.38411	1.53987
0.805	1.45987	1.49043
0.855	1.53315	1.44058
0.905	1.60393	1.39059
0.955	1.67221	1.34071
1.005	1.73801	1.29118
1.055	1.80134	1.24217
1.105	1.86224	1.19387
1.155	1.92074	1.14643
1.205	1.9769	1.09997
1.255	2.03076	1.0546
1.305	2.08238	1.01039
1.355	2.13182	0.96742
1.405	2.17914	0.925734
1.455	2.22441	0.88537
1.505	2.2677	0.846351
1.555	2.30907	0.808689
1.605	2.34859	0.772387
1.655	2.38633	0.73744
1.705	2.42236	0.703834
1.755	2.45674	0.671552
1.805	2.48953	0.640569
1.855	2.52081	0.610859
1.905	2.55064	0.582392
1.955	2.57907	0.555133
2.005	2.60617	0.529048
2.055	2.632	0.5041
2.105	2.6566	0.480253
2.155	2.68004	0.457467
2.205	2.70236	0.435706
2.255	2.72363	0.414931
2.305	2.74387	0.395103
2.355	2.76315	0.376187
2.405	2.78151	0.358144
2.455	2.79898	0.340939
2.505	2.81561	0.324537
2.555	2.83145	0.308904
2.605	2.84652	0.294007
2.655	2.86086	0.279813
2.705	2.87451	0.266291
2.755	2.8875	0.253411
2.805	2.89986	0.241144
2.855	2.91162	0.229463
2.905	2.92282	0.218341
2.955	2.93347	0.207751
3.005	2.9436	0.19767
3.055	2.95324	0.188073
3.105	2.96241	0.178939
3.155	2.97114	0.170244
3.205	2.97945	0.161969
3.255	2.98735	0.154094
3.305	2.99486	0.146599
3.355	3.00201	0.139468
3.405	3.00881	0.132681
3.455	3.01529	0.126223
3.505	3.02144	0.120079
3.555	3.0273	0.114232
3.605	3.03287	0.108669
3.655	3.03817	0.103377
3.705	3.04321	0.0983414
3.755	3.04801	0.0935506
3.805	3.05257	0.0889927
3.855	3.05691	0.0846565
3.905	3.06104	0.0805311
3.955	3.06497	0.0766066
4.005	3.0687	0.072873
4.055	3.07226	0.0693211
4.105	3.07564	0.0659421
4.155	3.07885	0.0627277
4.205	3.08191	0.0596699
4.255	3.08482	0.0567609
4.305	3.08759	0.0539937
4.355	3.09023	0.0513613
4.405	3.09273	0.0488571
4.455	3.09511	0.046475
4.505	3.09738	0.044209
4.555	3.09954	0.0420534
4.605	3.10159	0.0400028
4.655	3.10354	0.0380522
4.705	3.10539	0.0361967
4.755	3.10716	0.0344316
4.805	3.10884	0.0327526
4.855	3.11044	0.0311554
4.905	3.11196	0.0296361
4.955	3.1134	0.0281909
5.005	3.11478	0.0268162
5.055	3.11608	0.0255084
5.105	3.11733	0.0242645
5.155	3.11851	0.0230812
5.205	3.11964	0.0219555
5.255	3.12071	0.0208848
5.305	3.12173	0.0198663
5.355	3.12269	0.0188975
5.405	3.12362	0.0179759
5.455	3.12449	0.0170992
5.505	3.12533	0.0162653
5.555	3.12612	0.015472
5.605	3.12688	0.0147175
5.655	3.12759	0.0139997
5.705	3.12828	0.013317
5.755	3.12893	0.0126675
5.805	3.12954	0.0120497
5.855	3.13013	0.011462
5.905	3.13069	0.010903
5.955	3.13122	0.0103713
6.005	3.13173	0.0098655
6.055	3.13221	0.00938436
6.105	3.13267	0.00892668
6.155	3.1331	0.00849133
6.205	3.13352	0.0080772
6.255	3.13391	0.00768328
6.305	3.13428	0.00730856
6.355	3.13464	0.00695212
6.405	3.13498	0.00661306
6.455	3.1353	0.00629054
6.505	3.13561	0.00598375
6.555	3.1359	0.00569192
6.605	3.13618	0.00541432
6.655	3.13644	0.00515026
6.705	3.13669	0.00489908
6.755	3.13693	0.00466015
6.805	3.13716	0.00443287
6.855	3.13738	0.00421668
6.905	3.13758	0.00401103
6.955	3.13778	0.00381541
7.005	3.13796	0.00362933
7.055	3.13814	0.00345233
7.105	3.13831	0.00328396
7.155	3.13847	0.0031238
7.205	3.13862	0.00297145
7.255	3.13877	0.00282653
7.305	3.1389	0.00268868
7.355	3.13904	0.00255755
7.405	3.13916	0.00243281
7.455	3.13928	0.00231416
7.505	3.13939	0.0022013
7.555	3.1395	0.00209394
7.605	3.1396	0.00199182
7.655	3.1397	0.00189468
7.705	3.13979	0.00180227
7.755	3.13988	0.00171437
7.805	3.13996	0.00163076
7.855	3.14004	0.00155123
7.905	3.14012	0.00147558
7.955	3.14019	0.00140361
8.005	3.14026	0.00133516
8.055	3.14032	0.00127004
8.105	3.14038	0.0012081
8.155	3.14044	0.00114918
8.205	3.1405	0.00109313
8.255	3.14055	0.00103982
8.305	3.1406	0.000989107
8.355	3.14065	0.000940867
8.405	3.1407	0.00089498
8.455	3.14074	0.000851331
8.505	3.14078	0.000809811
8.555	3.14082	0.000770316
8.605	3.14086	0.000732747
8.655	3.1409	0.00069701
8.705	3.14093	0.000663016
8.755	3.14096	0.00063068
8.805	3.14099	0.000599921
8.855	3.14102	0.000570662
8.905	3.14105	0.00054283
8.955	3.14108	0.000516355
9.005	3.1411	0.000491172
9.055	3.14113	0.000467217
9.105	3.14115	0.00044443
9.155	3.14117	0.000422754
9.205	3.14119	0.000402135
9.255	3.14121	0.000382522
9.305	3.14123	0.000363866
9.355	3.14125	0.000346119
9.405	3.14126	0.000329238
9.455	3.14128	0.00031318
9.505	3.14129	0.000297905
9.555	3.14131	0.000283375
9.605	3.14132	0.000269554
9.655	3.14134	0.000256407
9.705	3.14135	0.0002439
9.755	3.14136	0.000232004
9.805	3.14137	0.000220688
9.855	3.14138	0.000209924
9.905	3.14139	0.000199684
9.955	3.1414	0.000189944
10.005	3.14141	0.000180679
10.055	3.14142	0.000171866
10.105	3.14143	0.000163482
10.155	3.14144	0.000155508
10.205	3.14144	0.000147922
10.255	3.14145	0.000140706
10.305	3.14146	0.000133842
10.355	3.14147	0.000127312
10.405	3.14147	0.000121101
10.455	3.14148	0.000115193
10.505	3.14148	0.000109572
10.555	3.14149	0.000104226
10.605	3.14149	9.91402e-05
10.655	3.1415	9.43024e-05
10.705	3.1415	8.97004e-05
10.755	3.14151	8.53227e-05
10.805	3.14151	8.11584e-05
10.855	3.14152	7.7197e-05
10.905	3.14152	7.34286e-05
10.955	3.14152	6.98438e-05
11.005	3.14153	6.64337e-05
11.055	3.14153	6.31897e-05
11.105	3.14153	6.01037e-05
11.155	3.14154	5.7168e-05
11.205	3.14154	5.43753e-05
11.255	3.14154	5.17185e-05
11.305	3.14154	4.9191e-05
11.355	3.14155	4.67866e-05
11.405	3.14155	4.44991e-05
11.455	3.14155	4.23229e-05
11.505	3.14155	4.02525e-05
11.555	3.14155	3.82828e-05
11.605	3.14156	3.64088e-05
11.655	3.14156	3.46259e-05
11.705	3.14156	3.29295e-05
11.755	3.14156	3.13155e-05
11.805	3.14156	2.97798e-05
11.855	3.14156	2.83185e-05
11.905	3.14157	2.69281e-05
11.955	3.14157	2.56049e-05
12.005	3.14157	2.43459e-05
12.055	3.14157	2.31477e-05
12.105	3.14157	2.20073e-05
12.155	3.14157	2.0922e-05
12.205	3.14157	1.98891e-05
12.255	3.14157	1.89058e-05
12.305	3.14157	1.79698e-05
12.355	3.14158	1.70788e-05
12.405	3.14158	1.62305e-05
12.455	3.14158	1.54227e-05
12.505	3.14158	1.46535e-05
12.555	3.14158	1.3921e-05
12.605	3.14158	1.32233e-05
12.655	3.14158	1.25586e-05
12.705	3.14158	1.19253e-05
12.755	3.14158	1.13219e-05
12.805	3.14158	1.07467e-05
12.855	3.14158	1.01985e-05
12.905	3.14158	9.67572e-06
12.955	3.14158	9.17715e-06
13.005	3.14158	8.70153e-06
13.055	3.14158	8.24767e-06
13.105	3.14158	7.81443e-06
13.155	3.14158	7.40074e-06
13.205	3.14158	7.00555e-06
13.255	3.14159	6.62787e-06
13.305	3.14159	6.26677e-06
13.355	3.14159	5.92134e-06
13.405	3.14159	5.59072e-06
13.455	3.14159	5.27408e-06
13.505	3.14159	4.97062e-06
13.555	3.14159	4.67959e-06
13.605	3.14159	4.40027e-06
13.655	3.14159	4.13194e-06
13.705	3.14159	3.87395e-06
13.755	3.14159	3.62565e-06
13.805	3.14159	3.38641e-06
13.855	3.14159	3.15564e-06
13.905	3.14159	2.93276e-06
13.955	3.14159	2.71722e-06
14.005	3.14159	2.50847e-06
14.055	3.14159	2.30599e-06
14.105	3.14159	2.10928e-06
14.155	3.14159	1.91784e-06
14.205	3.14159	1.7312e-06
14.255	3.14159	1.54888e-06
14.305	3.14159	1.37044e-06
14.355	3.14159	1.19543e-06
14.405	3.14159	1.0234e-06
14.455	3.14159	8.53938e-07
14.505	3.14159	6.86607e-07
14.555	3.14159	5.20994e-07
14.605	3.14159	3.56683e-07
14.655	3.14159	1.93264e-07
14.705	3.14159	3.03288e-08
14.755	3.14159	-1.32531e-07
14.805	3.14159	-2.95722e-07
14.855	3.14159	-4.59653e-07
14.905	3.14159	-6.24732e-07
14.955	3.14159	-7.91374e-07
15.005	3.14159	-9.59995e-07
15.055	3.14159	-1.13102e-06
15.105	3.14159	-1.30487e-06
15.155	3.14159	-1.48198e-06
15.205	3.14159	-1.6628e-06
15.255	3.14159	-1.84777e-06
15.305	3.14159	-2.03737e-06
15.355	3.14159	-2.23206e-06
15.405	3.14159	-2.43233e-06
15.455	3.14159	-2.63869e-06
15.505	3.14159	-2.85164e-06
15.555	3.14159	-3.07172e-06
15.605	3.14159	-3.29949e-06
15.655	3.14159	-3.5355e-06
15.705	3.14159	-3.78035e-06
15.755	3.14159	-4.03466e-06
15.805	3.14159	-4.29906e-06
15.855	3.14159	-4.57421e-06
15.905	3.14159	-4.86079e-06
15.955	3.14159	-5.15953e-06
16.005	3.14159	-5.47117e-06
16.055	3.14159	-5.79649e-06
16.105	3.14159	-6.1363e-06
16.155	3.14159	-6.49146e-06
16.205	3.14159	-6.86286e-06
16.255	3.14158	-7.25141e-06
16.305	3.14158	-7.65809e-06
16.355	3.14158	-8.08392e-06
16.405	3.14158	-8.52997e-06
16.455	3.14158	-8.99735e-06
16.505	3.14158	-9.48722e-06
16.555	3.14158	-1.00008e-05
16.605	3.14158	-1.05394e-05
16.655	3.14158	-1.11044e-05
16.705	3.14158	-1.16971e-05
16.755	3.14158	-1.23191e-05
16.805	3.14158	-1.29719e-05
16.855	3.14158	-1.36571e-05
16.905	3.14158	-1.43764e-05
16.955	3.14158	-1.51318e-05
17.005	3.14158	-1.59249e-05
17.055	3.14158	-1.67579e-05
17.105	3.14157	-1.76328e-05
17.155	3.14157	-1.85517e-05
17.205	3.14157	-1.95171e-05
17.255	3.14157	-2.05312e-05
17.305	3.14157	-2.15967e-05
17.355	3.14157	-2.27162e-05
17.405	3.14157	-2.38925e-05
17.455	3.14157	-2.51286e-05
17.505	3.14157	-2.64275e-05
17.555	3.14156	-2.77924e-05
17.605	3.14156	-2.92269e-05
17.655	3.14156	-3.07344e-05
17.705	3.14156	-3.23188e-05
17.755	3.14156	-3.3984e-05
17.805	3.14156	-3.57342e-05
17.855	3.14155	-3.75738e-05
17.905	3.14155	-3.95072e-05
17.955	3.14155	-4.15395e-05
18.005	3.14155	-4.36757e-05
18.055	3.14155	-4.5921e-05
18.105	3.14154	-4.82812e-05
18.155	3.14154	-5.07622e-05
18.205	3.14154	-5.337e-05
18.255	3.14154	-5.61113e-05
18.305	3.14153	-5.89929e-05
18.355	3.14153	-6.2022e-05
18.405	3.14153	-6.52063e-05
18.455	3.14152	-6.85535e-05
18.505	3.14152	-7.20722e-05
18.555	3.14152	-7.57711e-05
18.605	3.14151	-7.96595e-05
18.655	3.14151	-8.3747e-05
18.705	3.1415	-8.8044e-05
18.755	3.1415	-9.25611e-05
18.805	3.1415	-9.73097e-05
18.855	3.14149	-0.000102302
18.905	3.14149	-0.000107549
18.955	3.14148	-0.000113066
19.005	3.14147	-0.000118865
19.055	3.14147	-0.000124962
19.105	3.14146	-0.000131371
19.155	3.14145	-0.000138108
19.205	3.14145	-0.000145191
19.255	3.14144	-0.000152637
19.305	3.14143	-0.000160465
19.355	3.14142	-0.000168694
19.405	3.14142	-0.000177344
19.455	3.14141	-0.000186439
19.505	3.1414	-0.000195999
19.555	3.14139	-0.000206049
19.605	3.14138	-0.000216615
19.655	3.14136	-0.000227722
19.705	3.14135	-0.000239399
19.755	3.14134	-0.000251674
19.805	3.14133	-0.000264579
19.855	3.14131	-0.000278145
19.905	3.1413	-0.000292407
19.955	3.14129	-0.0003074
20.005	3.14127	-0.000323162
20.055	3.14125	-0.000339731
20.105	3.14124	-0.000357151
20.155	3.14122	-0.000375463
20.205	3.1412	-0.000394714
20.255	3.14118	-0.000414952
20.305	3.14116	-0.000436228
20.355	3.14113	-0.000458594
20.405	3.14111	-0.000482107
20.455	3.14109	-0.000506826
20.505	3.14106	-0.000532812
20.555	3.14103	-0.000560131
20.605	3.141	-0.00058885
20.655	3.14097	-0.000619041
20.705	3.14094	-0.00065078
20.755	3.14091	-0.000684147
20.805	3.14087	-0.000719224
20.855	3.14084	-0.0007561
20.905	3.1408	-0.000794866
20.955	3.14076	-0.00083562
21.005	3.14071	-0.000878464
21.055	3.14067	-0.000923504
21.105	3.14062	-0.000970853
21.155	3.14057	-0.00102063
21.205	3.14052	-0.00107296
21.255	3.14046	-0.00112797
21.305	3.14041	-0.0011858
21.355	3.14035	-0.0012466
21.405	3.14028	-0.00131052
21.455	3.14021	-0.00137771
21.505	3.14014	-0.00144835
21.555	3.14007	-0.0015226
21.605	3.13999	-0.00160067
21.655	3.13991	-0.00168274
21.705	3.13982	-0.00176901
21.755	3.13973	-0.00185971
21.805	3.13964	-0.00195506
21.855	3.13954	-0.0020553
21.905	3.13943	-0.00216068
21.955	3.13932	-0.00227146
22.005	3.1392	-0.00238792
22.055	3.13908	-0.00251035
22.105	3.13895	-0.00263906
22.155	3.13882	-0.00277437
22.205	3.13868	-0.00291661
22.255	3.13853	-0.00306615
22.305	3.13837	-0.00322335
22.355	3.1382	-0.00338862
22.405	3.13803	-0.00356236
22.455	3.13785	-0.003745
22.505	3.13766	-0.00393701
22.555	3.13745	-0.00413887
22.605	3.13724	-0.00435107
22.655	3.13702	-0.00457415
22.705	3.13678	-0.00480867
22.755	3.13654	-0.00505522
22.805	3.13628	-0.00531441
22.855	3.13601	-0.00558688
22.905	3.13572	-0.00587332
22.955	3.13542	-0.00617445
23.005	3.1351	-0.00649102
23.055	3.13477	-0.00682382
23.105	3.13442	-0.00717369
23.155	3.13405	-0.00754149
23.205	3.13366	-0.00792814
23.255	3.13326	-0.00833463
23.305	3.13283	-0.00876195
23.355	3.13238	-0.00921118
23.405	3.13191	-0.00968344
23.455	3.13141	-0.0101799
23.505	3.13089	-0.0107018
23.555	3.13034	-0.0112505
23.605	3.12977	-0.0118273
23.655	3.12916	-0.0124337
23.705	3.12852	-0.0130712
23.755	3.12785	-0.0137414
23.805	3.12715	-0.0144459
23.855	3.12641	-0.0151865
23.905	3.12563	-0.0159651
23.955	3.12481	-0.0167837
24.005	3.12395	-0.0176441
24.055	3.12304	-0.0185487
24.105	3.12209	-0.0194997
24.155	3.12109	-0.0204994
24.205	3.12004	-0.0215504
24.255	3.11894	-0.0226552
24.305	3.11778	-0.0238167
24.355	3.11655	-0.0250377
24.405	3.11527	-0.0263213
24.455	3.11392	-0.0276707
24.505	3.1125	-0.0290893
24.555	3.11101	-0.0305806
24.605	3.10944	-0.0321483
24.655	3.10779	-0.0337963
24.705	3.10606	-0.0355288
24.755	3.10424	-0.0373501
24.805	3.10233	-0.0392647
24.855	3.10031	-0.0412775
24.905	3.0982	-0.0433933
24.955	3.09597	-0.0456176
25.005	3.09363	-0.0479558
25.055	3.09117	-0.0504138
25.105	3.08859	-0.0529976
25.155	3.08587	-0.0557139
25.205	3.08302	-0.0585692
25.255	3.08001	-0.0615707
25.305	3.07686	-0.0647259
25.355	3.07354	-0.0680426
25.405	3.07005	-0.071529
25.455	3.06638	-0.0751939
25.505	3.06253	-0.0790462
25.555	3.05847	-0.0830956
25.605	3.05421	-0.087352
25.655	3.04973	-0.091826
25.705	3.04503	-0.0965287
25.755	3.04008	-0.101472
25.805	3.03488	-0.106667
25.855	3.02941	-0.112127
25.905	3.02366	-0.117867
25.955	3.01761	-0.123898
26.005	3.01126	-0.130238
26.055	3.00459	-0.1369
26.105	2.99757	-0.143901
26.155	2.99019	-0.151258
26.205	2.98244	-0.15899
26.255	2.97428	-0.167113
26.305	2.96572	-0.175649
26.355	2.95671	-0.184617
26.405	2.94725	-0.194039
26.455	2.9373	-0.203937
26.505	2.92685	-0.214335
26.555	2.91586	-0.225256
26.605	2.90431	-0.236726
26.655	2.89218	-0.248771
26.705	2.87942	-0.261419
26.755	2.86602	-0.274698
26.805	2.85194	-0.288638
26.855	2.83715	-0.30327
26.905	2.8216	-0.318626
26.955	2.80527	-0.334737
27.005	2.78812	-0.351639
27.055	2.7701	-0.369365
27.105	2.75117	-0.387952
27.155	2.73129	-0.407435
27.205	2.71041	-0.427853
27.255	2.68848	-0.449243
27.305	2.66547	-0.471642
27.355	2.6413	-0.49509
27.405	2.61594	-0.519623
27.455	2.58932	-0.54528
27.505	2.56139	-0.572097
27.555	2.53209	-0.600111
27.605	2.50136	-0.629354
27.655	2.46913	-0.659859
27.705	2.43535	-0.691654
27.755	2.39995	-0.724765
27.805	2.36285	-0.75921
27.855	2.324	-0.795007
27.905	2.28333	-0.832162
27.955	2.24076	-0.870676
28.005	2.19624	-0.910541
28.055	2.14969	-0.951738
28.105	2.10104	-0.994236
28.155	2.05024	-1.03799
28.205	1.99723	-1.08294
28.255	1.94193	-1.12901
28.305	1.88431	-1.17609
28.355	1.82431	-1.22409
28.405	1.76189	-1.27285
28.455	1.69701	-1.32221
28.505	1.62966	-1.37199
28.555	1.55981	-1.42196
28.605	1.48746	-1.47189
28.655	1.41263	-1.52152
28.705	1.33532	-1.57054
28.755	1.25559	-1.61865
28.805	1.17348	-1.6655
28.855	1.08906	-1.71074
28.905	1.00244	-1.754
28.955	0.913703	-1.79489
29.005	0.822993	-1.83305
29.055	0.730451	-1.86809
29.105	0.636242	-1.89965
29.155	0.540549	-1.9274
29.205	0.443571	-1.95101
29.255	0.345522	-1.97023
29.305	0.246626	-1.98481
29.355	0.14712	-1.99459
29.405	0.0472488	-1.99944
29.455	-0.0527407	-1.9993
29.505	-0.152599	-1.99418
29.555	-0.252077	-1.98414
29.605	-0.350932	-1.96929
29.655	-0.448929	-1.94983
29.705	-0.545842	-1.92598
29.755	-0.641458	-1.89801
29.805	-0.735579	-1.86625
29.855	-0.828025	-1.83103
29.905	-0.918631	-1.79271
29.955	-1.00725	-1.75168
30.005	-1.09376	-1.7083
30.055	-1.17805	-1.66297
30.105	-1.26003	-1.61604
30.155	-1.33963	-1.56787
30.205	-1.4168	-1.51881
30.255	-1.4915	-1.46916
30.305	-1.56371	-1.41921
30.355	-1.63342	-1.36924
30.405	-1.70064	-1.31949
30.455	-1.76538	-1.27015
30.505	-1.82767	-1.22143
30.555	-1.88754	-1.17348
30.605	-1.94503	-1.12645
30.655	-2.0002	-1.08044
30.705	-2.05309	-1.03555
30.755	-2.10377	-0.991868
30.805	-2.1523	-0.949441
30.855	-2.19874	-0.908317
30.905	-2.24315	-0.868525
30.955	-2.28561	-0.830085
31.005	-2.32618	-0.793005
31.055	-2.36494	-0.757283
31.105	-2.40194	-0.722911
31.155	-2.43725	-0.689874
31.205	-2.47094	-0.65815
31.255	-2.50309	-0.627715
31.305	-2.53374	-0.59854
31.355	-2.56296	-0.570593
31.405	-2.59082	-0.543841
31.455	-2.61736	-0.518246
31.505	-2.64266	-0.493774
31.555	-2.66676	-0.470385
31.605	-2.68972	-0.448042
31.655	-2.71158	-0.426707
31.705	-2.7324	-0.406341
31.755	-2.75223	-0.386908
31.805	-2.77111	-0.368369
31.855	-2.78908	-0.350689
31.905	-2.80619	-0.333832
31.955	-2.82248	-0.317763
32.005	-2.83798	-0.302448
32.055	-2.85273	-0.287855
32.105	-2.86678	-0.273952
32.155	-2.88014	-0.260708
32.205	-2.89286	-0.248094
32.255	-2.90496	-0.236081
32.305	-2.91648	-0.224642
32.355	-2.92743	-0.21375
32.405	-2.93786	-0.203381
32.455	-2.94778	-0.19351
32.505	-2.95722	-0.184113
32.555	-2.9662	-0.175169
32.605	-2.97474	-0.166657
32.655	-2.98287	-0.158555
32.705	-2.9906	-0.150845
32.755	-2.99796	-0.143507
32.805	-3.00496	-0.136525
32.855	-3.01162	-0.129881
32.905	-3.01795	-0.123559
32.955	-3.02398	-0.117544
33.005	-3.02971	-0.11182
33.055	-3.03517	-0.106375
33.105	-3.04036	-0.101194
33.155	-3.04529	-0.0962642
33.205	-3.04999	-0.0915744
33.255	-3.05445	-0.0871126
33.305	-3.0587	-0.0828678
33.355	-3.06274	-0.0788295
33.405	-3.06659	-0.0749877
33.455	-3.07024	-0.0713329
33.505	-3.07372	-0.067856
33.555	-3.07703	-0.0645484
33.605	-3.08018	-0.0614019
33.655	-3.08318	-0.0584086
33.705	-3.08602	-0.0555611
33.755	-3.08873	-0.0528523
33.805	-3.09131	-0.0502755
33.855	-3.09376	-0.0478243
33.905	-3.0961	-0.0454925
33.955	-3.09831	-0.0432743
34.005	-3.10043	-0.0411643
34.055	-3.10243	-0.039157
34.105	-3.10434	-0.0372477
34.155	-3.10616	-0.0354314
34.205	-3.10789	-0.0337036
34.255	-3.10953	-0.0320601
34.305	-3.11109	-0.0304967
34.355	-3.11258	-0.0290095
34.405	-3.114	-0.0275948
34.455	-3.11534	-0.0262491
34.505	-3.11662	-0.0249691
34.555	-3.11784	-0.0237514
34.605	-3.119	-0.0225931
34.655	-3.1201	-0.0214913
34.705	-3.12115	-0.0204432
34.755	-3.12215	-0.0194462
34.805	-3.12309	-0.0184979
34.855	-3.124	-0.0175957
34.905	-3.12485	-0.0167376
34.955	-3.12567	-0.0159213
35.005	-3.12645	-0.0151449
35.055	-3.12719	-0.0144063
35.105	-3.12789	-0.0137037
35.155	-3.12856	-0.0130354
35.205	-3.12919	-0.0123996
35.255	-3.1298	-0.0117949
35.305	-3.13037	-0.0112197
35.355	-3.13092	-0.0106725
35.405	-3.13144	-0.010152
35.455	-3.13194	-0.00965688
35.505	-3.13241	-0.00918591
35.555	-3.13285	-0.00873791
35.605	-3.13328	-0.00831176
35.655	-3.13369	-0.0079064
35.705	-3.13407	-0.0075208
35.755	-3.13444	-0.00715401
35.805	-3.13479	-0.00680511
35.855	-3.13512	-0.00647322
35.905	-3.13544	-0.00615752
35.955	-3.13574	-0.00585721
36.005	-3.13602	-0.00557156
36.055	-3.13629	-0.00529983
36.105	-3.13655	-0.00504135
36.155	-3.1368	-0.00479548
36.205	-3.13703	-0.00456161
36.255	-3.13725	-0.00433913
36.305	-3.13747	-0.00412751
36.355	-3.13767	-0.00392621
36.405	-3.13786	-0.00373473
36.455	-3.13804	-0.00355258
36.505	-3.13821	-0.00337932
36.555	-3.13838	-0.00321451
36.605	-3.13853	-0.00305774
36.655	-3.13868	-0.00290861
36.705	-3.13883	-0.00276676
36.755	-3.13896	-0.00263182
36.805	-3.13909	-0.00250346
36.855	-3.13921	-0.00238137
36.905	-3.13933	-0.00226523
36.955	-3.13944	-0.00215475
37.005	-3.13954	-0.00204966
37.055	-3.13964	-0.0019497
37.105	-3.13974	-0.00185461
37.155	-3.13983	-0.00176416
37.205	-3.13991	-0.00167812
37.255	-3.14	-0.00159628
37.305	-3.14007	-0.00151843
37.355	-3.14015	-0.00144437
37.405	-3.14022	-0.00137393
37.455	-3.14029	-0.00130692
37.505	-3.14035	-0.00124318
37.555	-3.14041	-0.00118255
37.605	-3.14047	-0.00112488
37.655	-3.14052	-0.00107002
37.705	-3.14057	-0.00101783
37.755	-3.14062	-0.00096819
37.805	-3.14067	-0.000920971
37.855	-3.14072	-0.000876054
37.905	-3.14076	-0.000833328
37.955	-3.1408	-0.000792686
38.005	-3.14084	-0.000754026
38.055	-3.14088	-0.000717251
38.105	-3.14091	-0.00068227
38.155	-3.14094	-0.000648995
38.205	-3.14098	-0.000617343
38.255	-3.14101	-0.000587234
38.305	-3.14103	-0.000558594
38.355	-3.14106	-0.00053135
38.405	-3.14109	-0.000505436
38.455	-3.14111	-0.000480785
38.505	-3.14114	-0.000457336
38.555	-3.14116	-0.000435031
38.605	-3.14118	-0.000413814
38.655	-3.1412	-0.000393631
38.705	-3.14122	-0.000374433
38.755	-3.14124	-0.000356171
38.805	-3.14125	-0.000338799
38.855	-3.14127	-0.000322275
38.905	-3.14129	-0.000306557
38.955	-3.1413	-0.000291605
39.005	-3.14132	-0.000277382
39.055	-3.14133	-0.000263853
39.105	-3.14134	-0.000250984
39.155	-3.14135	-0.000238742
39.205	-3.14137	-0.000227097
39.255	-3.14138	-0.00021602
39.305	-3.14139	-0.000205484
39.355	-3.1414	-0.000195461
39.405	-3.14141	-0.000185927
39.455	-3.14142	-0.000176857
39.505	-3.14142	-0.00016823
39.555	-3.14143	-0.000160024
39.605	-3.14144	-0.000152218
39.655	-3.14145	-0.000144792
39.705	-3.14145	-0.000137729
39.755	-3.14146	-0.00013101
39.805	-3.14147	-0.000124618
39.855	-3.14147	-0.000118538
39.905	-3.14148	-0.000112755
39.955	-3.14149	-0.000107253
40.005	-3.14149	-0.00010202
40.055	-3.1415	-9.70416e-05
40.105	-3.1415	-9.2306e-05
40.155	-3.1415	-8.78012e-05
40.205	-3.14151	-8.3516e-05
40.255	-3.14151	-7.94396e-05
40.305	-3.14152	-7.55618e-05
40.355	-3.14152	-7.1873e-05
40.405	-3.14152	-6.83638e-05
40.455	-3.14153	-6.50257e-05
40.505	-3.14153	-6.18501e-05
40.555	-3.14153	-5.88292e-05
40.605	-3.14154	-5.59554e-05
40.655	-3.14154	-5.32215e-05
40.705	-3.14154	-5.06207e-05
40.755	-3.14154	-4.81465e-05
40.805	-3.14155	-4.57927e-05
40.855	-3.14155	-4.35533e-05
40.905	-3.14155	-4.14229e-05
40.955	-3.14155	-3.93961e-05
41.005	-3.14156	-3.74677e-05
41.055	-3.14156	-3.56331e-05
41.105	-3.14156	-3.38875e-05
41.155	-3.14156	-3.22267e-05
41.205	-3.14156	-3.06465e-05
41.255	-3.14156	-2.91429e-05
41.305	-3.14156	-2.77122e-05
41.355	-3.14157	-2.63508e-05
41.405	-3.14157	-2.50552e-05
41.455	-3.14157	-2.38224e-05
41.505	-3.14157	-2.2649e-05
41.555	-3.14157	-2.15324e-05
41.605	-3.14157	-2.04695e-05
41.655	-3.14157	-1.94579e-05
41.705	-3.14157	-1.84949e-05
41.755	-3.14157	-1.75781e-05
41.805	-3.14158	-1.67053e-05
41.855	-3.14158	-1.58743e-05
41.905	-3.14158	-1.5083e-05
41.955	-3.14158	-1.43294e-05
42.005	-3.14158	-1.36116e-05
42.055	-3.14158	-1.29278e-05
42.105	-3.14158	-1.22764e-05
42.155	-3.14158	-1.16557e-05
42.205	-3.14158	-1.10641e-05
42.255	-3.14158	-1.05002e-05
42.305	-3.14158	-9.96252e-06
42.355	-3.14158	-9.44977e-06
42.405	-3.14158	-8.96065e-06
42.455	-3.14158	-8.49394e-06
42.505	-3.14158	-8.04847e-06
42.555	-3.14158	-7.62312e-06
42.605	-3.14158	-7.21684e-06
42.655	-3.14159	-6.8286e-06
42.705	-3.14159	-6.45744e-06
42.755	-3.14159	-6.10242e-06
42.805	-3.14159	-5.76266e-06
42.855	-3.14159	-5.43732e-06
42.905	-3.14159	-5.12556e-06
42.955	-3.14159	-4.82663e-06
43.005	-3.14159	-4.53976e-06
43.055	-3.14159	-4.26425e-06
43.105	-3.14159	-3.9994e-06
43.155	-3.14159	-3.74455e-06
43.205	-3.14159	-3.49906e-06
43.255	-3.14159	-3.26232e-06
43.305	-3.14159	-3.03374e-06
43.355	-3.14159	-2.81275e-06
43.405	-3.14159	-2.59879e-06
43.455	-3.14159	-2.39132e-06
43.505	-3.14159	-2.18984e-06
43.555	-3.14159	-1.99383e-06
43.605	-3.14159	-1.80281e-06
43.655	-3.14159	-1.6163e-06
43.705	-3.14159	-1.43382e-06
43.755	-3.14159	-1.25494e-06
43.805	-3.14159	-1.07919e-06
43.855	-3.14159	-9.06138e-07
43.905	-3.14159	-7.35353e-07
43.955	-3.14159	-5.66407e-07
44.005	-3.14159	-3.98878e-07
44.055	-3.14159	-2.32345e-07
44.105	-3.14159	-6.63942e-08
44.155	-3.14159	9.9391e-08
44.205	-3.14159	2.65425e-07
44.255	-3.14159	4.32122e-07
44.305	-3.14159	5.999e-07
44.355	-3.14159	7.69178e-07
44.405	-3.14159	9.4038e-07
44.455	-3.14159	1.11393e-06
44.505	-3.14159	1.29027e-06
44.555	-3.14159	1.46984e-06
44.605	-3.14159	1.65308e-06
44.655	-3.14159	1.84045e-06
44.705	-3.14159	2.03242e-06
44.755	-3.14159	2.22948e-06
44.805	-3.14159	2.43211e-06
44.855	-3.14159	2.64083e-06
44.905	-3.14159	2.85615e-06
44.955	-3.14159	3.07861e-06
45.005	-3.14159	3.30876e-06
45.055	-3.14159	3.54719e-06
45.105	-3.14159	3.7945e-06
45.155	-3.14159	4.05128e-06
45.205	-3.14159	4.3182e-06
45.255	-3.14159	4.59592e-06
45.305	-3.14159	4.88513e-06
45.355	-3.14159	5.18656e-06
45.405	-3.14159	5.50095e-06
45.455	-3.14159	5.8291e-06
45.505	-3.14159	6.17182e-06
45.555	-3.14159	6.52998e-06
45.605	-3.14158	6.90447e-06
45.655	-3.14158	7.29622e-06
45.705	-3.14158	7.70621e-06
45.755	-3.14158	8.13548e-06
45.805	-3.14158	8.58509e-06
45.855	-3.14158	9.05616e-06
45.905	-3.14158	9.54988e-06
45.955	-3.14158	1.00675e-05
46.005	-3.14158	1.06103e-05
46.055	-3.14158	1.11796e-05
46.105	-3.14158	1.17768e-05
46.155	-3.14158	1.24035e-05
46.205	-3.14158	1.30612e-05
46.255	-3.14158	1.37516e-05
46.305	-3.14158	1.44764e-05
46.355	-3.14158	1.52374e-05
46.405	-3.14158	1.60364e-05
46.455	-3.14158	1.68756e-05
46.505	-3.14157	1.7757e-05
46.555	-3.14157	1.86827e-05
46.605	-3.14157	1.96552e-05
46.655	-3.14157	2.06769e-05
46.705	-3.14157	2.17502e-05
46.755	-3.14157	2.28779e-05
46.805	-3.14157	2.40628e-05
46.855	-3.14157	2.53079e-05
46.905	-3.14157	2.66163e-05
46.955	-3.14156	2.79913e-05
47.005	-3.14156	2.94362e-05
47.055	-3.14156	3.09547e-05
47.105	-3.14156	3.25507e-05
47.155	-3.14156	3.4228e-05
47.205	-3.14156	3.59909e-05
47.255	-3.14155	3.78438e-05
47.305	-3.14155	3.97914e-05
47.355	-3.14155	4.18384e-05
47.405	-3.14155	4.39901e-05
47.455	-3.14155	4.62517e-05
47.505	-3.14154	4.86291e-05
47.555	-3.14154	5.1128e-05
47.605	-3.14154	5.37547e-05
47.655	-3.14154	5.65159e-05
47.705	-3.14153	5.94184e-05
47.755	-3.14153	6.24695e-05
47.805	-3.14153	6.56767e-05
47.855	-3.14152	6.90482e-05
47.905	-3.14152	7.25924e-05
47.955	-3.14152	7.63181e-05
48.005	-3.14151	8.02346e-05
48.055	-3.14151	8.43517e-05
48.105	-3.1415	8.86798e-05
48.155	-3.1415	9.32296e-05
48.205	-3.14149	9.80125e-05
48.255	-3.14149	0.000103041
48.305	-3.14148	0.000108326
48.355	-3.14148	0.000113883
48.405	-3.14147	0.000119724
48.455	-3.14147	0.000125865
48.505	-3.14146	0.00013232
48.555	-3.14145	0.000139106
48.605	-3.14145	0.000146241
48.655	-3.14144	0.00015374
48.705	-3.14143	0.000161625
48.755	-3.14142	0.000169913
48.805	-3.14141	0.000178626
48.855	-3.1414	0.000187786
48.905	-3.1414	0.000197416
48.955	-3.14139	0.000207539
49.005	-3.14137	0.000218181
49.055	-3.14136	0.000229368
49.105	-3.14135	0.000241129
49.155	-3.14134	0.000253494
49.205	-3.14133	0.000266492
49.255	-3.14131	0.000280156
49.305	-3.1413	0.000294521
49.355	-3.14128	0.000309622
49.405	-3.14127	0.000325498
49.455	-3.14125	0.000342187
49.505	-3.14123	0.000359732
49.555	-3.14121	0.000378177
49.605	-3.1412	0.000397567
49.655	-3.14117	0.000417952
49.705	-3.14115	0.000439381
49.755	-3.14113	0.000461909
49.805	-3.14111	0.000485592
49.855	-3.14108	0.00051049
49.905	-3.14106	0.000536664
49.955	-3.14103	0.00056418
50.005	-3.141	0.000593106
