0	0	1.73205
0.005	0.00866022	1.73203
0.055	0.0952148	1.72943
0.105	0.181532	1.72254
0.155	0.267398	1.71141
0.205	0.352604	1.69616
0.255	0.436948	1.67693
0.305	0.520234	1.65391
0.355	0.602278	1.6273
0.405	0.682908	1.59734
0.455	0.76196	1.56428
0.505	0.839288	1.52839
0.555	0.914757	1.48996
0.605	0.988246	1.44924
0.655	1.05965	1.40654
0.705	1.12887	1.36212
0.755	1.19584	1.31623
0.805	1.26047	1.26915
0.855	1.32273	1.22109
0.905	1.38257	1.17228
0.955	1.43995	1.12292
1.005	1.49486	1.07319
1.055	1.54727	1.02326
1.105	1.59718	0.973261
1.155	1.6446	0.923329
1.205	1.68952	0.873566
1.255	1.73196	0.824059
1.305	1.77193	0.774883
1.355	1.80945	0.726092
1.405	1.84454	0.677729
1.455	1.87723	0.629823
1.505	1.90753	0.582391
1.555	1.93548	0.53544
1.605	1.96109	0.488965
1.655	1.98438	0.442954
1.705	2.00539	0.397388
1.755	2.02413	0.35224
1.805	2.04062	0.307477
1.855	2.05488	0.263062
1.905	2.06693	0.218953
1.955	2.07678	0.175103
2.005	2.08444	0.131466
2.055	2.08993	0.0879905
2.105	2.09325	0.0446237
2.155	2.09439	0.00131259
2.205	2.09338	-0.0419969
2.255	2.09019	-0.0853588
2.305	2.08484	-0.128826
2.355	2.07731	-0.172452
2.405	2.06759	-0.216287
2.455	2.05568	-0.26038
2.505	2.04155	-0.304775
2.555	2.02519	-0.349516
2.605	2.00659	-0.39464
2.655	1.98572	-0.440179
2.705	1.96256	-0.486162
2.755	1.9371	-0.532608
2.805	1.9093	-0.579531
2.855	1.87914	-0.626934
2.905	1.84659	-0.674811
2.955	1.81165	-0.723147
3.005	1.77427	-0.771913
3.055	1.73445	-0.821068
3.105	1.69216	-0.870556
3.155	1.64739	-0.920306
3.205	1.60013	-0.970231
3.255	1.55037	-1.02023
3.305	1.4981	-1.07017
3.355	1.44335	-1.11991
3.405	1.38612	-1.1693
3.455	1.32643	-1.21815
3.505	1.26432	-1.26626
3.555	1.19982	-1.31341
3.605	1.133	-1.35937
3.655	1.06391	-1.40389
3.705	0.992635	-1.44671
3.755	0.91927	-1.48755
3.805	0.843918	-1.52613
3.855	0.766699	-1.56218
3.905	0.687747	-1.59542
3.955	0.607209	-1.62557
4.005	0.525245	-1.65239
4.055	0.442029	-1.67564
4.105	0.357744	-1.6951
4.155	0.272585	-1.7106
4.205	0.186753	-1.72198
4.255	0.100457	-1.72914
4.305	0.0139105	-1.73199
4.355	-0.0726706	-1.73053
4.405	-0.15907	-1.72475
4.455	-0.245074	-1.71471
4.505	-0.330472	-1.70052
4.555	-0.41506	-1.68232
4.605	-0.49864	-1.66026
4.655	-0.581025	-1.63456
4.705	-0.662039	-1.60545
4.755	-0.741518	-1.57318
4.805	-0.819309	-1.538
4.855	-0.895274	-1.5002
4.905	-0.96929	-1.46006
4.955	-1.04125	-1.41785
5.005	-1.11104	-1.37385
5.055	-1.1786	-1.32832
5.105	-1.24386	-1.28152
5.155	-1.30674	-1.23369
5.205	-1.36721	-1.18506
5.255	-1.42524	-1.13582
5.305	-1.48079	-1.08618
5.355	-1.53385	-1.03628
5.405	-1.58441	-0.98629
5.455	-1.63248	-0.93633
5.505	-1.67805	-0.886514
5.555	-1.72113	-0.836933
5.605	-1.76175	-0.787664
5.655	-1.79991	-0.738768
5.705	-1.83563	-0.69029
5.755	-1.86894	-0.642263
5.805	-1.89987	-0.594707
5.855	-1.92842	-0.54763
5.905	-1.95464	-0.501032
5.955	-1.97853	-0.454902
6.005	-2.00013	-0.409222
6.055	-2.01946	-0.363968
6.105	-2.03654	-0.319109
6.155	-2.05138	-0.274607
6.205	-2.064	-0.230422
6.255	-2.07443	-0.186509
6.305	-2.08266	-0.142822
6.355	-2.08871	-0.0993087
6.405	-2.09259	-0.0559187
6.455	-2.0943	-0.0125982
6.505	-2.09385	0.0307065
6.555	-2.09123	0.0740495
6.605	-2.08644	0.117484
6.655	-2.07948	0.161064
6.705	-2.07033	0.20484
6.755	-2.05899	0.248861
6.805	-2.04544	0.293173
6.855	-2.02967	0.33782
6.905	-2.01166	0.38284
6.955	-1.99138	0.428269
7.005	-1.96882	0.474134
7.055	-1.94396	0.520458
7.105	-1.91677	0.567255
7.155	-1.88722	0.614533
7.205	-1.85531	0.662288
7.255	-1.82099	0.710507
7.305	-1.78425	0.759164
7.355	-1.74507	0.808222
7.405	-1.70342	0.85763
7.455	-1.6593	0.907319
7.505	-1.61269	0.957208
7.555	-1.56358	1.0072
7.605	-1.51197	1.05716
7.655	-1.45786	1.10697
7.705	-1.40127	1.15647
7.755	-1.34222	1.20548
7.805	-1.28074	1.2538
7.855	-1.21686	1.30123
7.905	-1.15063	1.34752
7.955	-1.08213	1.39244
8.005	-1.01142	1.43573
8.055	-0.938587	1.47711
8.105	-0.863742	1.51631
8.155	-0.786997	1.55305
8.205	-0.708483	1.58704
8.255	-0.628343	1.61803
8.305	-0.546735	1.64574
8.355	-0.463828	1.66994
8.405	-0.379803	1.69041
8.455	-0.294852	1.70695
8.505	-0.209176	1.71942
8.555	-0.122981	1.72768
8.605	-0.0364788	1.73167
8.655	0.0501141	1.73133
8.705	0.136582	1.72667
8.755	0.222709	1.71773
8.805	0.308285	1.70461
8.855	0.393103	1.68744
8.905	0.476964	1.66637
8.955	0.559678	1.6416
9.005	0.641066	1.61336
9.055	0.72096	1.58188
9.105	0.799205	1.54743
9.155	0.875659	1.51029
9.205	0.950194	1.47073
9.255	1.0227	1.42903
9.305	1.09307	1.38547
9.355	1.16122	1.34032
9.405	1.22708	1.29383
9.455	1.29058	1.24624
9.505	1.35169	1.1978
9.555	1.41035	1.1487
9.605	1.46655	1.09914
9.655	1.52026	1.0493
9.705	1.57148	0.99932
9.755	1.62019	0.949341
9.805	1.66641	0.899478
9.855	1.71014	0.849828
9.905	1.7514	0.800471
9.955	1.7902	0.751473
10.005	1.82655	0.702883
10.055	1.86049	0.654736
10.105	1.89203	0.607055
10.155	1.92121	0.559853
10.205	1.94803	0.513131
10.255	1.97253	0.46688
10.305	1.99472	0.421086
10.355	2.01464	0.375723
10.405	2.0323	0.330764
10.455	2.04772	0.286173
10.505	2.06093	0.241909
10.555	2.07192	0.19793
10.605	2.08072	0.154189
10.655	2.08734	0.110635
10.705	2.09179	0.0672184
10.755	2.09407	0.023885
10.805	2.09418	-0.0194186
10.855	2.09212	-0.0627465
10.905	2.0879	-0.106152
10.955	2.08151	-0.149689
11.005	2.07293	-0.193409
11.055	2.06216	-0.237361
11.105	2.04919	-0.281593
11.155	2.034	-0.326149
11.205	2.01657	-0.371069
11.255	1.99688	-0.416388
11.305	1.97492	-0.462137
11.355	1.95066	-0.508339
11.405	1.92408	-0.555013
11.455	1.89515	-0.602165
11.505	1.86386	-0.649796
11.555	1.83017	-0.697896
11.605	1.79406	-0.746442
11.655	1.75551	-0.795401
11.705	1.71451	-0.844723
11.755	1.67104	-0.894346
11.805	1.62507	-0.944192
11.855	1.57662	-0.994164
11.905	1.52566	-1.04415
11.955	1.4722	-1.09401
12.005	1.41626	-1.14361
12.055	1.35785	-1.19276
12.105	1.29699	-1.24128
12.155	1.23373	-1.28897
12.205	1.16812	-1.33558
12.255	1.1002	-1.38088
12.305	1.03005	-1.42462
12.355	0.957767	-1.46653
12.405	0.883436	-1.50632
12.455	0.807175	-1.54372
12.505	0.729108	-1.57846
12.555	0.649378	-1.61025
12.605	0.568136	-1.63884
12.655	0.485551	-1.66398
12.705	0.401799	-1.68544
12.755	0.317071	-1.70303
12.805	0.231564	-1.71657
12.855	0.145483	-1.72594
12.905	0.0590409	-1.73104
12.955	-0.027549	-1.73183
13.005	-0.11407	-1.72829
13.055	-0.200307	-1.72047
13.105	-0.286047	-1.70843
13.155	-0.371082	-1.6923
13.205	-0.455211	-1.67223
13.255	-0.538242	-1.6484
13.305	-0.619992	-1.62104
13.355	-0.700291	-1.59038
13.405	-0.778979	-1.55668
13.455	-0.855913	-1.52022
13.505	-0.930959	-1.48126
13.555	-1.004	-1.44009
13.605	-1.07494	-1.39699
13.655	-1.14367	-1.35222
13.705	-1.21014	-1.30606
13.755	-1.27426	-1.25874
13.805	-1.33599	-1.2105
13.855	-1.3953	-1.16155
13.905	-1.45214	-1.1121
13.955	-1.5065	-1.06231
14.005	-1.55837	-1.01235
14.055	-1.60774	-0.96236
14.105	-1.65461	-0.912457
14.155	-1.69898	-0.862742
14.205	-1.74088	-0.813303
14.255	-1.78032	-0.764206
14.305	-1.81731	-0.715505
14.355	-1.85188	-0.66724
14.405	-1.88404	-0.619436
14.455	-1.91383	-0.572109
14.505	-1.94126	-0.525262
14.555	-1.96636	-0.47889
14.605	-1.98916	-0.432978
14.655	-2.00967	-0.387506
14.705	-2.02792	-0.342445
14.755	-2.04392	-0.297761
14.805	-2.0577	-0.253416
14.855	-2.06927	-0.209368
14.905	-2.07864	-0.165569
14.955	-2.08583	-0.121971
15.005	-2.09084	-0.0785238
15.055	-2.09368	-0.0351737
15.105	-2.09436	0.00813244
15.155	-2.09287	0.0514488
15.205	-2.08921	0.0948292
15.255	-2.08338	0.138327
15.305	-2.07538	0.181994
15.355	-2.06518	0.225881
15.405	-2.05278	0.270036
15.455	-2.03817	0.314503
15.505	-2.02133	0.359324
15.555	-2.00223	0.404536
15.605	-1.98087	0.450171
15.655	-1.95721	0.496253
15.705	-1.93123	0.542802
15.755	-1.90292	0.58983
15.805	-1.87224	0.637337
15.855	-1.83918	0.685316
15.905	-1.8037	0.733749
15.955	-1.7658	0.782604
16.005	-1.72544	0.831836
16.055	-1.68261	0.881388
16.105	-1.63729	0.931184
16.155	-1.58949	0.981134
16.205	-1.53918	1.03113
16.255	-1.48637	1.08104
16.305	-1.43108	1.13072
16.355	-1.37331	1.18001
16.405	-1.31309	1.22871
16.455	-1.25045	1.27663
16.505	-1.18544	1.32355
16.555	-1.11812	1.36922
16.605	-1.04855	1.41339
16.655	-0.976808	1.4558
16.705	-0.903	1.49617
16.755	-0.82723	1.53422
16.805	-0.749621	1.56968
16.855	-0.670309	1.60227
16.905	-0.589446	1.63172
16.955	-0.507194	1.65778
17.005	-0.423729	1.68022
17.055	-0.339237	1.69883
17.105	-0.253913	1.71344
17.155	-0.167962	1.72391
17.205	-0.081593	1.73013
17.255	0.00497933	1.73204
17.305	0.0915392	1.72963
17.355	0.177871	1.72292
17.405	0.26376	1.71197
17.455	0.348999	1.69689
17.505	0.433383	1.67783
17.555	0.516718	1.65496
17.605	0.598819	1.6285
17.655	0.679512	1.59867
17.705	0.758634	1.56574
17.755	0.836039	1.52997
17.805	0.911589	1.49164
17.855	0.985164	1.45102
17.905	1.05666	1.40839
17.955	1.12597	1.36404
18.005	1.19304	1.31821
18.055	1.25778	1.27117
18.105	1.32014	1.22315
18.155	1.38008	1.17436
18.205	1.43756	1.12502
18.255	1.49257	1.07531
18.305	1.54509	1.02538
18.355	1.59511	0.975385
18.405	1.64263	0.925448
18.455	1.68766	0.875676
18.505	1.7302	0.826157
18.555	1.77028	0.776965
18.605	1.80791	0.728157
18.655	1.8431	0.679775
18.705	1.87589	0.631849
18.755	1.90629	0.584397
18.805	1.93434	0.537425
18.855	1.96005	0.49093
18.905	1.98344	0.444901
18.955	2.00454	0.399316
19.005	2.02338	0.354151
19.055	2.03996	0.309372
19.105	2.05432	0.264943
19.155	2.06646	0.220822
19.205	2.07641	0.176963
19.255	2.08416	0.133317
19.305	2.08974	0.0898358
19.355	2.09315	0.0464655
19.405	2.09439	0.00315305
19.455	2.09346	-0.0401554
19.505	2.09037	-0.0835139
19.555	2.08511	-0.126976
19.605	2.07767	-0.170594
19.655	2.06805	-0.214419
19.705	2.05623	-0.2585
19.755	2.04219	-0.302881
19.805	2.02593	-0.347607
19.855	2.00743	-0.392713
19.905	1.98665	-0.438235
19.955	1.9636	-0.484198
20.005	1.93823	-0.530625
20.055	1.91053	-0.577527
20.105	1.88047	-0.624909
20.155	1.84803	-0.672767
20.205	1.81318	-0.721084
20.255	1.77591	-0.769832
20.305	1.73619	-0.818972
20.355	1.69401	-0.868447
20.405	1.64934	-0.918187
20.455	1.60219	-0.968107
20.505	1.55253	-1.0181
20.555	1.50038	-1.06805
20.605	1.44573	-1.1178
20.655	1.3886	-1.16721
20.705	1.32902	-1.21608
20.755	1.26701	-1.26423
20.805	1.20261	-1.31143
20.855	1.13588	-1.35745
20.905	1.06689	-1.40203
20.955	0.995708	-1.44493
21.005	0.92243	-1.48586
21.055	0.84716	-1.52454
21.105	0.770017	-1.5607
21.155	0.691136	-1.59407
21.205	0.610662	-1.62436
21.255	0.528756	-1.65132
21.305	0.445589	-1.67473
21.355	0.361346	-1.69436
21.405	0.276219	-1.71003
21.455	0.190412	-1.72158
21.505	0.104131	-1.72892
21.555	0.0175912	-1.73196
21.605	-0.0689928	-1.73068
21.655	-0.155405	-1.72508
21.705	-0.24143	-1.71522
21.755	-0.326858	-1.70121
21.805	-0.411483	-1.68317
21.855	-0.49511	-1.66127
21.905	-0.57755	-1.63573
21.955	-0.658626	-1.60676
22.005	-0.738173	-1.57461
22.055	-0.816038	-1.53955
22.105	-0.892084	-1.50186
22.155	-0.966185	-1.46181
22.205	-1.03823	-1.41968
22.255	-1.10812	-1.37575
22.305	-1.17578	-1.33028
22.355	-1.24113	-1.28353
22.405	-1.30412	-1.23574
22.455	-1.36469	-1.18714
22.505	-1.42282	-1.13793
22.555	-1.47848	-1.08829
22.605	-1.53164	-1.0384
22.655	-1.58231	-0.988415
22.705	-1.63049	-0.938451
22.755	-1.67616	-0.888627
22.805	-1.71935	-0.839034
22.855	-1.76007	-0.789751
22.905	-1.79833	-0.740838
22.955	-1.83416	-0.692342
23.005	-1.86758	-0.644295
23.055	-1.8986	-0.596718
23.105	-1.92726	-0.549621
23.155	-1.95357	-0.503003
23.205	-1.97756	-0.456853
23.255	-1.99926	-0.411155
23.305	-2.01869	-0.365884
23.355	-2.03586	-0.321008
23.405	-2.05079	-0.276491
23.455	-2.06351	-0.232294
23.505	-2.07403	-0.188371
23.555	-2.08235	-0.144675
23.605	-2.0885	-0.101155
23.655	-2.09247	-0.0577611
23.705	-2.09427	-0.0144388
23.755	-2.09391	0.0288655
23.805	-2.09139	0.0722058
23.855	-2.08669	0.115636
23.905	-2.07982	0.159208
23.955	-2.07077	0.202975
24.005	-2.05952	0.246984
24.055	-2.04606	0.291283
24.105	-2.03039	0.335915
24.155	-2.01247	0.380919
24.205	-1.99229	0.426329
24.255	-1.96983	0.472175
24.305	-1.94506	0.518479
24.355	-1.91797	0.565257
24.405	-1.88853	0.612514
24.455	-1.85671	0.660249
24.505	-1.8225	0.708448
24.555	-1.78586	0.757088
24.605	-1.74678	0.80613
24.655	-1.70524	0.855524
24.705	-1.66122	0.905203
24.755	-1.61472	0.955085
24.805	-1.56571	1.00507
24.855	-1.51421	1.05504
24.905	-1.46021	1.10486
24.955	-1.40373	1.15438
25.005	-1.34478	1.20341
25.055	-1.2834	1.25176
25.105	-1.21962	1.29923
25.155	-1.1535	1.34558
25.205	-1.08509	1.39057
25.255	-1.01447	1.43393
25.305	-0.941724	1.47539
25.355	-0.866962	1.51469
25.405	-0.790296	1.55154
25.455	-0.711854	1.58566
25.505	-0.63178	1.61677
25.555	-0.550231	1.64463
25.605	-0.467376	1.66898
25.655	-0.383395	1.68962
25.705	-0.298479	1.70633
25.755	-0.212829	1.71897
25.805	-0.126652	1.72742
25.855	-0.0401588	1.73159
25.905	0.0464346	1.73143
25.955	0.132912	1.72695
26.005	0.219058	1.7182
26.055	0.304662	1.70526
26.105	0.389516	1.68825
26.155	0.473422	1.66734
26.205	0.556189	1.64273
26.255	0.637636	1.61462
26.305	0.717597	1.58328
26.355	0.795915	1.54896
26.405	0.872447	1.51192
26.455	0.947066	1.47246
26.505	1.01966	1.43084
26.555	1.09012	1.38736
26.605	1.15837	1.34226
26.655	1.22432	1.29583
26.705	1.28793	1.24829
26.755	1.34914	1.19987
26.805	1.40791	1.1508
26.855	1.46421	1.10126
26.905	1.51803	1.05142
26.955	1.56935	1.00145
27.005	1.61817	0.951464
27.055	1.6645	0.901594
27.105	1.70834	0.851933
27.155	1.7497	0.802562
27.205	1.7886	0.753548
27.255	1.82506	0.704939
27.305	1.8591	0.656773
27.355	1.89074	0.609072
27.405	1.92001	0.56185
27.455	1.94694	0.515107
27.505	1.97153	0.468837
27.555	1.99383	0.423023
27.605	2.01384	0.377643
27.655	2.0316	0.332667
27.705	2.04711	0.288061
27.755	2.06041	0.243784
27.805	2.0715	0.199794
27.855	2.08039	0.156044
27.905	2.08711	0.112483
27.955	2.09164	0.0690617
28.005	2.09401	0.0257258
28.055	2.09422	-0.017578
28.105	2.09225	-0.0609037
28.155	2.08813	-0.104305
28.205	2.08182	-0.147836
28.255	2.07334	-0.191546
28.305	2.06266	-0.235488
28.355	2.04979	-0.279707
28.405	2.03469	-0.324248
28.455	2.01735	-0.369152
28.505	1.99777	-0.414453
28.555	1.9759	-0.460183
28.605	1.95174	-0.506366
28.655	1.92526	-0.553019
28.705	1.89643	-0.600151
28.755	1.86523	-0.647762
28.805	1.83165	-0.695842
28.855	1.79564	-0.74437
28.905	1.7572	-0.793312
28.955	1.71631	-0.84262
29.005	1.67294	-0.892232
29.055	1.62708	-0.94207
29.105	1.57873	-0.992039
29.155	1.52787	-1.04203
29.205	1.47453	-1.0919
29.255	1.41869	-1.14151
29.305	1.36038	-1.19069
29.355	1.29963	-1.23924
29.405	1.23647	-1.28696
29.455	1.17095	-1.33362
29.505	1.10313	-1.37899
29.555	1.03308	-1.4228
29.605	0.960881	-1.46479
29.655	0.886636	-1.50467
29.705	0.810454	-1.54219
29.755	0.732461	-1.57704
29.805	0.652798	-1.60897
29.855	0.571618	-1.6377
29.905	0.489086	-1.66299
29.955	0.40538	-1.68461
30.005	0.32069	-1.70236
30.055	0.235211	-1.71608
30.105	0.149151	-1.72563
30.155	0.0627195	-1.73092
30.205	-0.0238685	-1.73189
30.255	-0.110397	-1.72853
30.305	-0.19665	-1.72089
30.355	-0.282415	-1.70903
30.405	-0.367484	-1.69306
30.455	-0.451656	-1.67316
30.505	-0.534737	-1.64949
30.555	-0.616546	-1.62227
30.605	-0.696909	-1.59175
30.655	-0.775669	-1.55817
30.705	-0.85268	-1.52182
30.755	-0.92781	-1.48296
30.805	-1.00094	-1.44188
30.855	-1.07197	-1.39886
30.905	-1.1408	-1.35416
30.955	-1.20736	-1.30804
31.005	-1.27158	-1.26077
31.055	-1.33342	-1.21256
31.105	-1.39283	-1.16364
31.155	-1.44977	-1.11421
31.205	-1.50424	-1.06443
31.255	-1.55621	-1.01448
31.305	-1.60569	-0.964484
31.355	-1.65266	-0.914575
31.405	-1.69715	-0.86485
31.455	-1.73915	-0.815397
31.505	-1.77869	-0.766285
31.555	-1.81579	-0.717566
31.605	-1.85046	-0.669282
31.655	-1.88272	-0.621458
31.705	-1.91261	-0.574111
31.755	-1.94014	-0.527243
31.805	-1.96534	-0.480851
31.855	-1.98824	-0.43492
31.905	-2.00884	-0.38943
31.955	-2.02719	-0.344352
32.005	-2.04329	-0.299653
32.055	-2.05716	-0.255295
32.105	-2.06882	-0.211234
32.155	-2.07829	-0.167426
32.205	-2.08557	-0.123821
32.255	-2.09067	-0.0803681
32.305	-2.0936	-0.037015
32.355	-2.09437	0.00629195
32.405	-2.09297	0.0496067
32.455	-2.08941	0.0929833
32.505	-2.08367	0.136475
32.555	-2.07576	0.180134
32.605	-2.06566	0.224011
32.655	-2.05335	0.268153
32.705	-2.03884	0.312606
32.755	-2.02209	0.357412
32.805	-2.00309	0.402606
32.855	-1.98182	0.448222
32.905	-1.95826	0.494285
32.955	-1.93238	0.540814
33.005	-1.90417	0.587821
33.055	-1.87359	0.635308
33.105	-1.84063	0.683267
33.155	-1.80526	0.731681
33.205	-1.76746	0.780519
33.255	-1.7272	0.829737
33.305	-1.68448	0.879276
33.355	-1.63927	0.929064
33.405	-1.59157	0.979009
33.455	-1.54137	1.029
33.505	-1.48867	1.07892
33.555	-1.43348	1.12861
33.605	-1.37581	1.17792
33.655	-1.3157	1.22665
33.705	-1.25316	1.27461
33.755	-1.18825	1.32158
33.805	-1.12102	1.3673
33.855	-1.05155	1.41154
33.905	-0.9799	1.45403
33.955	-0.906177	1.4945
34.005	-0.830488	1.53265
34.055	-0.752955	1.56823
34.105	-0.673713	1.60094
34.155	-0.592913	1.63053
34.205	-0.510716	1.65674
34.255	-0.427299	1.67934
34.305	-0.342846	1.69812
34.355	-0.257554	1.7129
34.405	-0.171625	1.72355
34.455	-0.0852697	1.72995
34.505	0.00129841	1.73205
34.555	0.0878632	1.72982
34.605	0.174209	1.72329
34.655	0.260122	1.71252
34.705	0.345392	1.69761
34.755	0.429816	1.67872
34.805	0.5132	1.65601
34.855	0.595357	1.62969
34.905	0.676113	1.60001
34.955	0.755305	1.5672
35.005	0.832785	1.53155
35.055	0.908417	1.49331
35.105	0.982079	1.45279
35.155	1.05366	1.41024
35.205	1.12307	1.36595
35.255	1.19023	1.32018
35.305	1.25507	1.27319
35.355	1.31754	1.2252
35.405	1.37758	1.17645
35.455	1.43517	1.12713
35.505	1.49029	1.07743
35.555	1.54291	1.0275
35.605	1.59304	0.97751
35.655	1.64066	0.927568
35.705	1.68579	0.877787
35.755	1.72844	0.828256
35.805	1.76863	0.779049
35.855	1.80636	0.730223
35.905	1.84166	0.681823
35.955	1.87455	0.633877
36.005	1.90505	0.586404
36.055	1.93319	0.539412
36.105	1.959	0.492897
36.155	1.98249	0.446848
36.205	2.00369	0.401245
36.255	2.02262	0.356063
36.305	2.0393	0.311268
36.355	2.05376	0.266825
36.405	2.06599	0.222691
36.455	2.07603	0.178822
36.505	2.08388	0.135169
36.555	2.08955	0.0916812
36.605	2.09305	0.0483073
36.655	2.09438	0.00499352
36.705	2.09355	-0.038314
36.755	2.09055	-0.0816693
36.805	2.08538	-0.125126
36.855	2.07803	-0.168736
36.905	2.0685	-0.212552
36.955	2.05677	-0.25662
37.005	2.04284	-0.300988
37.055	2.02667	-0.345698
37.105	2.00826	-0.390788
37.155	1.98758	-0.436291
37.205	1.96462	-0.482235
37.255	1.93935	-0.528642
37.305	1.91175	-0.575523
37.355	1.88179	-0.622885
37.405	1.84945	-0.670723
37.455	1.81471	-0.719021
37.505	1.77754	-0.767752
37.555	1.73793	-0.816876
37.605	1.69585	-0.866338
37.655	1.65129	-0.916069
37.705	1.60424	-0.965983
37.755	1.55469	-1.01598
37.805	1.50264	-1.06593
37.855	1.4481	-1.11569
37.905	1.39108	-1.16512
37.955	1.3316	-1.21402
38.005	1.26969	-1.2622
38.055	1.2054	-1.30945
38.105	1.13877	-1.35552
38.155	1.06987	-1.40017
38.205	0.998777	-1.44314
38.255	0.925585	-1.48416
38.305	0.850398	-1.52295
38.355	0.773333	-1.55922
38.405	0.694522	-1.59271
38.455	0.614113	-1.62314
38.505	0.532264	-1.65025
38.555	0.449147	-1.67381
38.605	0.364946	-1.6936
38.655	0.279853	-1.70944
38.705	0.19407	-1.72118
38.755	0.107805	-1.7287
38.805	0.0212719	-1.73192
38.855	-0.0653146	-1.73082
38.905	-0.151738	-1.7254
38.955	-0.237784	-1.71573
39.005	-0.323242	-1.70189
39.055	-0.407906	-1.68402
39.105	-0.491579	-1.66228
39.155	-0.574073	-1.63689
39.205	-0.65521	-1.60805
39.255	-0.734825	-1.57604
39.305	-0.812765	-1.5411
39.355	-0.888891	-1.50351
39.405	-0.963077	-1.46356
39.455	-1.03521	-1.42151
39.505	-1.1052	-1.37765
39.555	-1.17295	-1.33224
39.605	-1.2384	-1.28554
39.655	-1.30149	-1.23779
39.705	-1.36217	-1.18922
39.755	-1.4204	-1.14003
39.805	-1.47616	-1.09041
39.855	-1.52944	-1.04053
39.905	-1.58021	-0.99054
39.955	-1.62849	-0.940573
40.005	-1.67427	-0.89074
40.055	-1.71757	-0.841136
40.105	-1.75839	-0.791839
40.155	-1.79676	-0.742909
40.205	-1.83269	-0.694394
40.255	-1.8662	-0.646328
40.305	-1.89733	-0.598731
40.355	-1.92609	-0.551613
40.405	-1.9525	-0.504975
40.455	-1.97659	-0.458806
40.505	-1.99839	-0.413089
40.555	-2.01791	-0.367799
40.605	-2.03517	-0.322907
40.655	-2.0502	-0.278377
40.705	-2.06302	-0.234166
40.755	-2.07362	-0.190233
40.805	-2.08204	-0.146528
40.855	-2.08828	-0.103002
40.905	-2.09235	-0.0596037
40.955	-2.09424	-0.0162794
41.005	-2.09397	0.0270245
41.055	-2.09154	0.0703622
41.105	-2.08694	0.113787
41.155	-2.08016	0.157353
41.205	-2.0712	0.20111
41.255	-2.06004	0.245108
41.305	-2.04668	0.289394
41.355	-2.0311	0.33401
41.405	-2.01327	0.378998
41.455	-1.99319	0.42439
41.505	-1.97083	0.470217
41.555	-1.94616	0.516502
41.605	-1.91917	0.563259
41.655	-1.88983	0.610496
41.705	-1.85811	0.65821
41.755	-1.824	0.70639
41.805	-1.78747	0.755012
41.855	-1.74849	0.804038
41.905	-1.70706	0.853418
41.955	-1.66315	0.903086
42.005	-1.61674	0.952962
42.055	-1.56785	1.00294
42.105	-1.51645	1.05292
42.155	-1.46256	1.10275
42.205	-1.40618	1.15228
42.255	-1.34734	1.20134
42.305	-1.28606	1.24973
42.355	-1.22238	1.29724
42.405	-1.15635	1.34364
42.455	-1.08804	1.38869
42.505	-1.01751	1.43212
42.555	-0.944858	1.47367
42.605	-0.87018	1.51307
42.655	-0.793592	1.55003
42.705	-0.715222	1.58426
42.755	-0.635215	1.61551
42.805	-0.553725	1.64352
42.855	-0.470922	1.66802
42.905	-0.386985	1.68882
42.955	-0.302105	1.7057
43.005	-0.216482	1.71852
43.055	-0.130323	1.72715
43.105	-0.0438386	1.7315
43.155	0.0427549	1.73152
43.205	0.129242	1.72723
43.255	0.215406	1.71866
43.305	0.301037	1.70589
43.355	0.385928	1.68905
43.405	0.469877	1.66831
43.455	0.552696	1.64384
43.505	0.634204	1.61589
43.555	0.714231	1.58467
43.605	0.792621	1.55047
43.655	0.869232	1.51355
43.705	0.943935	1.47418
43.755	1.01661	1.43265
43.805	1.08717	1.38924
43.855	1.15551	1.34421
43.905	1.22157	1.29782
43.955	1.28528	1.25033
44.005	1.34659	1.20195
44.055	1.40546	1.1529
44.105	1.46187	1.10337
44.155	1.51579	1.05354
44.205	1.56722	1.00357
44.255	1.61615	0.953587
44.305	1.66258	0.90371
44.355	1.70652	0.854038
44.405	1.74799	0.804654
44.455	1.78699	0.755623
44.505	1.82356	0.706996
44.555	1.8577	0.658811
44.605	1.88945	0.61109
44.655	1.91882	0.563847
44.705	1.94584	0.517084
44.755	1.97053	0.470794
44.805	1.99293	0.424961
44.855	2.01304	0.379563
44.905	2.03089	0.334571
44.955	2.0465	0.28995
45.005	2.05989	0.24566
45.055	2.07107	0.201659
45.105	2.08006	0.157899
45.155	2.08686	0.114332
45.205	2.09149	0.0709051
45.255	2.09396	0.0275667
45.305	2.09425	-0.0157373
45.355	2.09238	-0.059061
45.405	2.08834	-0.102458
45.455	2.08213	-0.145982
45.505	2.07374	-0.189684
45.555	2.06316	-0.233615
45.605	2.05038	-0.277821
45.655	2.03537	-0.322348
45.705	2.01814	-0.367235
45.755	1.99864	-0.412519
45.805	1.97688	-0.45823
45.855	1.95281	-0.504394
45.905	1.92643	-0.551026
45.955	1.8977	-0.598138
46.005	1.86661	-0.645729
46.055	1.83312	-0.69379
46.105	1.79722	-0.742299
46.155	1.75889	-0.791224
46.205	1.71809	-0.840517
46.255	1.67483	-0.890118
46.305	1.62908	-0.939948
46.355	1.58083	-0.989914
46.405	1.53009	-1.0399
46.455	1.47684	-1.08978
46.505	1.42111	-1.13941
46.555	1.36291	-1.18861
46.605	1.30226	-1.23719
46.655	1.2392	-1.28495
46.705	1.17378	-1.33166
46.755	1.10606	-1.37709
46.805	1.0361	-1.42097
46.855	0.963993	-1.46304
46.905	0.889832	-1.50303
46.955	0.813729	-1.54064
47.005	0.735811	-1.57562
47.055	0.656216	-1.60767
47.105	0.575097	-1.63654
47.155	0.492619	-1.66199
47.205	0.408959	-1.68377
47.255	0.324307	-1.70169
47.305	0.238858	-1.71558
47.355	0.152818	-1.72531
47.405	0.0663979	-1.73078
47.455	-0.0201879	-1.73193
47.505	-0.106723	-1.72876
47.555	-0.192993	-1.7213
47.605	-0.278783	-1.70961
47.655	-0.363886	-1.69382
47.705	-0.448099	-1.67408
47.755	-0.531231	-1.65057
47.805	-0.613097	-1.6235
47.855	-0.693525	-1.59311
47.905	-0.772356	-1.55966
47.955	-0.849444	-1.52342
48.005	-0.924656	-1.48466
48.055	-0.997873	-1.44367
48.105	-1.06899	-1.40072
48.155	-1.13792	-1.35609
48.205	-1.20458	-1.31003
48.255	-1.2689	-1.2628
48.305	-1.33084	-1.21463
48.355	-1.39035	-1.16573
48.405	-1.4474	-1.11631
48.455	-1.50198	-1.06655
48.505	-1.55406	-1.0166
48.555	-1.60364	-0.966608
48.605	-1.65072	-0.916693
48.655	-1.69531	-0.866959
48.705	-1.73742	-0.817493
48.755	-1.77706	-0.768365
48.805	-1.81426	-0.719628
48.855	-1.84903	-0.671325
48.905	-1.8814	-0.623481
48.955	-1.91139	-0.576113
49.005	-1.93902	-0.529226
49.055	-1.96432	-0.482814
49.105	-1.98731	-0.436864
49.155	-2.00801	-0.391355
49.205	-2.02645	-0.34626
49.255	-2.04265	-0.301546
49.305	-2.05661	-0.257174
49.355	-2.06837	-0.213102
49.405	-2.07793	-0.169284
49.455	-2.0853	-0.125671
49.505	-2.0905	-0.0822126
49.555	-2.09352	-0.0388563
49.605	-2.09438	0.00445147
49.655	-2.09308	0.0477648
49.705	-2.08961	0.0911377
49.755	-2.08396	0.134623
49.805	-2.07614	0.178274
49.855	-2.06613	0.222141
49.905	-2.05392	0.266271
49.955	-2.0395	0.31071
50.005	-2.02285	0.3555
