# Columna 1: Tiempo
# Columna 2: Tierra-x
# Columna 3: Tierra-y
# Columna 4: Luna-x
# Columna 5: Luna-y
# Columna 6: Nave-x
# Columna 7: Nave-y
# Columna 8: Tierra-v-x
# Columna 9: Tierra-v-y
# Columna 10: Luna-v-x
# Columna 11: Luna-v-y
# Columna 12: Nave-v-x
# Columna 13: Nave-v-y
0.000	0.000000000e+00	0.000000000e+00	3.844000000e+08	0.000000000e+00	6.800000000e+06	0.000000000e+00	0.000000000e+00	0.000000000e+00	0.000000000e+00	1.000000000e+03	2.498000267e+04	9.997333547e+02
500.000	4.139868787e+00	1.794948447e-03	3.843996635e+08	4.999998541e+05	1.877882385e+07	4.946650760e+05	1.655947303e-02	1.076969030e-05	-1.345851565e+00	9.999991247e+02	2.343940841e+04	9.794457434e+02
1000.000	1.655946881e+01	1.435958531e-02	3.843986541e+08	9.999988329e+05	3.039780666e+07	9.815193155e+05	3.311892071e-02	4.307874991e-05	-2.691701068e+00	9.999964988e+02	2.309191097e+04	9.692582507e+02
1500.000	3.725878104e+01	4.846358771e-02	3.843969718e+08	1.499996061e+06	4.190065900e+07	1.464716161e+06	4.967831767e-02	9.692714489e-05	-4.037546449e+00	9.999921224e+02	2.293611648e+04	9.640192989e+02
2000.000	6.623777379e+01	1.148766101e-01	3.843946166e+08	1.999990664e+06	5.334474181e+07	1.945874879e+06	6.623763854e-02	1.723148187e-04	-5.383385647e+00	9.999859953e+02	2.284735008e+04	9.608480499e+02
2500.000	1.034964027e+02	2.243682732e-01	3.843915885e+08	2.499981765e+06	6.475313320e+07	2.425736014e+06	8.279685798e-02	2.692416922e-04	-6.729216601e+00	9.999781177e+02	2.278992350e+04	9.587241755e+02
3000.000	1.490346106e+02	3.877081521e-01	3.843878874e+08	2.999968489e+06	7.613749596e+07	2.904698319e+06	9.935595062e-02	3.877076636e-04	-8.075037250e+00	9.999684895e+02	2.274969934e+04	9.572025267e+02
3500.000	2.028523279e+02	6.156657658e-01	3.843835134e+08	3.499949962e+06	8.750456137e+07	3.383001001e+06	1.159148911e-01	5.277126084e-04	-9.420845532e+00	9.999571108e+02	2.271994343e+04	9.560587084e+02
4000.000	2.649494722e+02	9.190105651e-01	3.843784665e+08	3.999925309e+06	9.885857294e+07	3.860798861e+06	1.324736541e-01	6.892563798e-04	-1.076663939e+01	9.999439815e+02	2.269703568e+04	9.551674639e+02
4500.000	3.353259482e+02	1.308511922e+00	3.843727468e+08	4.499893652e+06	1.102023807e+08	4.338197850e+06	1.490322142e-01	8.723388080e-04	-1.211241675e+01	9.999291017e+02	2.267885509e+04	9.544533968e+02
5000.000	4.139816483e+02	1.794939117e+00	3.843663541e+08	4.999854118e+06	1.215379925e+08	4.815273686e+06	1.655905460e-01	1.076959701e-03	-1.345817557e+01	9.999124714e+02	2.266407601e+04	9.538684117e+02
5500.000	5.009164519e+02	2.389061331e+00	3.843592886e+08	5.499805832e+06	1.328668769e+08	5.292082368e+06	1.821486243e-01	1.303118843e-03	-1.480391377e+01	9.998940906e+02	2.265182711e+04	9.533803836e+02
6000.000	5.961302260e+02	3.101647630e+00	3.843515502e+08	5.999747917e+06	1.441901410e+08	5.768666482e+06	1.987064236e-01	1.550815998e-03	-1.614962931e+01	9.998739593e+02	2.264151203e+04	9.529670368e+02
6500.000	6.996228248e+02	3.943466955e+00	3.843431390e+08	6.499679499e+06	1.555086403e+08	6.245059173e+06	2.152639185e-01	1.820050905e-03	-1.749532011e+01	9.998520775e+02	2.263270886e+04	9.526124386e+02
7000.000	8.113940896e+02	4.925288113e+00	3.843340549e+08	6.999599703e+06	1.668230503e+08	6.721286747e+06	2.318210838e-01	2.110823281e-03	-1.884098411e+01	9.998284453e+02	2.262511082e+04	9.523048919e+02
7500.000	9.314438494e+02	6.057879764e+00	3.843242980e+08	7.499507653e+06	1.781339136e+08	7.197370432e+06	2.483778941e-01	2.423132822e-03	-2.018661927e+01	9.998030627e+02	2.261848956e+04	9.520356156e+02
8000.000	1.059771920e+03	7.352010408e+00	3.843138683e+08	7.999402474e+06	1.894416735e+08	7.673327613e+06	2.649343240e-01	2.756979198e-03	-2.153222350e+01	9.997759298e+02	2.261267177e+04	9.517978902e+02
8500.000	1.196378106e+03	8.818448376e+00	3.843027658e+08	8.499283291e+06	2.007466969e+08	8.149172703e+06	2.814903481e-01	3.112362060e-03	-2.287779476e+01	9.997470465e+02	2.260752374e+04	9.515864871e+02
9000.000	1.341262197e+03	1.046796182e+01	3.842909905e+08	8.999149229e+06	2.120492913e+08	8.624917794e+06	2.980459411e-01	3.489281034e-03	-2.422333098e+01	9.997164128e+02	2.260294089e+04	9.513972787e+02
9500.000	1.494423971e+03	1.231131870e+01	3.842785425e+08	9.498999412e+06	2.233497181e+08	9.100573128e+06	3.146010777e-01	3.887735724e-03	-2.556883010e+01	9.996840289e+02	2.259884057e+04	9.512269655e+02
10000.000	1.655863194e+03	1.435928676e+01	3.842654217e+08	9.998832966e+06	2.346482013e+08	9.576147462e+06	3.311557324e-01	4.307725713e-03	-2.691429006e+01	9.996498947e+02	2.259515703e+04	9.510728817e+02
10500.000	1.825579619e+03	1.662263355e+01	3.842516282e+08	1.049864902e+07	2.459449358e+08	1.005164835e+07	3.477098799e-01	4.749250558e-03	-2.825970880e+01	9.996140103e+02	2.259183789e+04	9.509328557e+02
11000.000	2.003572985e+03	1.911212638e+01	3.842371620e+08	1.099844668e+07	2.572400930e+08	1.052708236e+07	3.642634948e-01	5.212309796e-03	-2.960508426e+01	9.995763757e+02	2.258884170e+04	9.508051086e+02
11500.000	2.189843021e+03	2.183853233e+01	3.842220231e+08	1.149822510e+07	2.685338259e+08	1.100245526e+07	3.808165519e-01	5.696902940e-03	-3.095041437e+01	9.995369910e+02	2.258613653e+04	9.506881835e+02
12000.000	2.384389440e+03	2.481261822e+01	3.842062116e+08	1.199798338e+07	2.798262741e+08	1.147777215e+07	3.973690256e-01	6.203029483e-03	-3.229569708e+01	9.994958561e+02	2.258369924e+04	9.505808989e+02
12500.000	2.587211945e+03	2.804515063e+01	3.841897274e+08	1.249772066e+07	2.911175675e+08	1.195303761e+07	4.139208908e-01	6.730688891e-03	-3.364093032e+01	9.994529712e+02	2.258151599e+04	9.504823301e+02
13000.000	2.798310225e+03	3.154689583e+01	3.841725706e+08	1.299743606e+07	3.024078319e+08	1.242825582e+07	4.304721219e-01	7.279880611e-03	-3.498611203e+01	9.994083363e+02	2.257958425e+04	9.503918289e+02
13500.000	3.017683957e+03	3.532861986e+01	3.841547413e+08	1.349712871e+07	3.136971958e+08	1.290343074e+07	4.470226937e-01	7.850604066e-03	-3.633124016e+01	9.993619514e+02	2.257791788e+04	9.503091205e+02
14000.000	3.245332804e+03	3.940108842e+01	3.841362394e+08	1.399679772e+07	3.249858008e+08	1.337856630e+07	4.635725808e-01	8.442858656e-03	-3.767631264e+01	9.993138167e+02	2.257655913e+04	9.502345919e+02
14500.000	3.481256419e+03	4.377506693e+01	3.841170650e+08	1.449644223e+07	3.362738222e+08	1.385366699e+07	4.801217578e-01	9.056643759e-03	-3.902132741e+01	9.992639320e+02	2.257560844e+04	9.501701644e+02
15000.000	3.725454440e+03	4.846132049e+01	3.840972181e+08	1.499606136e+07	3.475615159e+08	1.432873916e+07	4.966701994e-01	9.691958730e-03	-4.036628240e+01	9.992122975e+02	2.257531050e+04	9.501223959e+02
15500.000	3.977926492e+03	5.347061386e+01	3.840766987e+08	1.549565424e+07	3.588493511e+08	1.480379608e+07	5.132178802e-01	1.034880290e-02	-4.171117557e+01	9.991589133e+02	2.257637267e+04	9.501174027e+02
16000.000	4.238672189e+03	5.881371148e+01	3.840555069e+08	1.599521999e+07	3.701385585e+08	1.527888764e+07	5.297647749e-01	1.102717558e-02	-4.305600484e+01	9.991037794e+02	2.258183172e+04	9.503299990e+02
16500.000	4.507691132e+03	6.450137741e+01	3.840336427e+08	1.649475773e+07	3.814372096e+08	1.575490129e+07	5.463108580e-01	1.172707606e-02	-4.440076816e+01	9.990468958e+02	2.264495122e+04	9.609837368e+02
17000.000	4.784982907e+03	7.054437539e+01	3.840111062e+08	1.699426659e+07	3.927659429e+08	1.645306217e+07	5.628561043e-01	1.244850361e-02	-4.574546346e+01	9.989882626e+02	2.258208672e+04	1.528916618e+03
17500.000	5.070547092e+03	7.695346874e+01	3.839878973e+08	1.749374570e+07	4.040522612e+08	1.721769971e+07	5.794004884e-01	1.319145745e-02	-4.709008869e+01	9.989278799e+02	2.256694219e+04	1.529388563e+03
18000.000	5.364383248e+03	8.373942043e+01	3.839640161e+08	1.799319418e+07	4.153343186e+08	1.798239122e+07	5.959439848e-01	1.395593682e-02	-4.843464177e+01	9.988657478e+02	2.256187334e+04	1.529365207e+03
