                                        1                                        1
                                        2                                        2
                                        3                                        3
                                        4                                        4
                                        5                                        5
                                        6                                        6
                                        7                                        7
                                        8                                        8
                                        9                                        9
                                      153                                      153
                                      370                                      370
                                      371                                      371
                                      407                                      407
                                     1634                                     1634
                                     8208                                     8208
                                     9474                                     9474
                                    54748                                    54748
                                    92727                                    92727
                                    93084                                    93084
                                   548834                                   548834
                                  1741725                                  1741725
                                  4210818                                  4210818
                                  9800817                                  9800817
                                  9926315                                  9926315
