        2209        1880         611        1927         940         800         260         820        3713        3160        1027        3239
         517        4324        1927        2585         220        1840         820        1100         869        7268        3239        4345
        4277        3713        4042        2773        1820        1580        1720        1180        7189        6241        6794        4661
         940         705        3995        1645         400         300        1700         700        1580        1185        6715        2765
         517         440         143         451        1880        1600         520        1640         705         600         195         615
         121        1012         451         605         440        3680        1640        2200         165        1380         615         825
        1001         869         946         649        3640        3160        3440        2360        1365        1185        1290         885
         220         165         935         385         800         600        3400        1400         300         225        1275         525
        4277        3640        1183        3731        4324        3680        1196        3772         611         520         169         533
        1001        8372        3731        5005        1012        8464        3772        5060         143        1196         533         715
        8281        7189        7826        5369        8372        7268        7912        5428        1183        1027        1118         767
        1820        1365        7735        3185        1840        1380        7820        3220         260         195        1105         455
