0.0042	0	1.86437e-05
0.0042	0.01	-0.00280167
0.0042	0.02	-0.00561433
0.0042	0.03	-0.00840193
0.0042	0.04	-0.0111154
0.0042	0.05	-0.0136624
0.0042	0.06	-0.0158999
0.0042	0.07	-0.0176302
0.0042	0.08	-0.0186011
0.0042	0.09	-0.0185091
0.0042	0.1	-0.0170036
0.0042	0.11	-0.01369
0.0042	0.12	-0.00813067
0.0042	0.13	0.000158492
0.0042	0.14	0.011715
0.0042	0.15	0.0271372
0.0042	0.16	0.0470887
0.0042	0.17	0.0722915
0.0042	0.18	0.103502
0.0042	0.19	0.141464
0.0042	0.2	0.186828
0.0042	0.21	0.240051
0.0042	0.22	0.30127
0.0042	0.23	0.370168
0.0042	0.24	0.445857
0.0042	0.25	0.526788
0.0042	0.26	0.610726
0.0042	0.27	0.694794
0.0042	0.28	0.775603
0.0042	0.29	0.849465
0.0042	0.3	0.912664
0.0042	0.31	0.961776
0.0042	0.32	0.993976
0.0042	0.33	1.00732
0.0042	0.34	1.00093
0.0042	0.35	0.97511
0.0042	0.36	0.931301
0.0042	0.37	0.871961
0.0042	0.38	0.800332
0.0042	0.39	0.720151
0.0042	0.4	0.635332
0.0042	0.41	0.550441
0.0042	0.42	0.466588
0.0042	0.43	0.389153
0.0042	0.44	0.319436
0.0042	0.45	0.259052
0.0042	0.46	0.209031
0.0042	0.47	0.169934
0.0042	0.48	0.141992
0.0042	0.49	0.125247
0.0042	0.5	0.119672
0.0042	0.51	0.125247
0.0042	0.52	0.141992
0.0042	0.53	0.169934
0.0042	0.54	0.209031
0.0042	0.55	0.259052
0.0042	0.56	0.319436
0.0042	0.57	0.389153
0.0042	0.58	0.466588
0.0042	0.59	0.550441
0.0042	0.6	0.635332
0.0042	0.61	0.720151
0.0042	0.62	0.800332
0.0042	0.63	0.871961
0.0042	0.64	0.931301
0.0042	0.65	0.97511
0.0042	0.66	1.00093
0.0042	0.67	1.00732
0.0042	0.68	0.993976
0.0042	0.69	0.961776
0.0042	0.7	0.912664
0.0042	0.71	0.849465
0.0042	0.72	0.775603
0.0042	0.73	0.694794
0.0042	0.74	0.610726
0.0042	0.75	0.526788
0.0042	0.76	0.445857
0.0042	0.77	0.370168
0.0042	0.78	0.30127
0.0042	0.79	0.240051
0.0042	0.8	0.186828
0.0042	0.81	0.141464
0.0042	0.82	0.103502
0.0042	0.83	0.0722915
0.0042	0.84	0.0470887
0.0042	0.85	0.0271372
0.0042	0.86	0.011715
0.0042	0.87	0.000158492
0.0042	0.88	-0.00813067
0.0042	0.89	-0.01369
0.0042	0.9	-0.0170036
0.0042	0.91	-0.0185091
0.0042	0.92	-0.0186011
0.0042	0.93	-0.0176302
0.0042	0.94	-0.0158999
0.0042	0.95	-0.0136624
0.0042	0.96	-0.0111154
0.0042	0.97	-0.00840193
0.0042	0.98	-0.00561433
0.0042	0.99	-0.00280167
0.0042	1	1.86437e-05
