# Columna 1: Tiempo
# Columna 2: Tierra-x
# Columna 3: Tierra-y
# Columna 4: Luna-x
# Columna 5: Luna-y
# Columna 6: Nave-x
# Columna 7: Nave-y
# Columna 8: Tierra-v-x
# Columna 9: Tierra-v-y
# Columna 10: Luna-v-x
# Columna 11: Luna-v-y
# Columna 12: Nave-v-x
# Columna 13: Nave-v-y
0.000	0.000000000e+00	0.000000000e+00	3.844000000e+08	0.000000000e+00	5.440000000e+06	4.080000000e+06	0.000000000e+00	0.000000000e+00	0.000000000e+00	1.000000000e+03	7.728000000e+03	7.420000000e+03
5000.000	4.139816483e+02	1.794939117e+00	3.843663541e+08	4.999854118e+06	2.593851875e+07	2.586101756e+07	1.655905460e-01	1.076959701e-03	-1.345817557e+01	9.999124714e+02	2.953578015e+03	3.285220507e+03
10000.000	1.655863194e+03	1.435928676e+01	3.842654217e+08	9.998832966e+06	3.879646268e+07	4.035339769e+07	3.311557324e-01	4.307725713e-03	-2.691429006e+01	9.996498947e+02	2.285701534e+03	2.604861153e+03
15000.000	3.725454440e+03	4.846132049e+01	3.840972181e+08	1.499606136e+07	4.930819339e+07	5.241626184e+07	4.966701994e-01	9.691958730e-03	-4.036628240e+01	9.992122975e+02	1.947861574e+03	2.249355567e+03
20000.000	6.622438390e+03	1.148670556e+02	3.838617692e+08	1.999066432e+07	5.846833947e+07	6.304366126e+07	6.621085877e-01	1.722909313e-02	-5.381209153e+01	9.985997259e+02	1.729428563e+03	2.015213945e+03
25000.000	1.034637125e+04	2.243391132e+02	3.835591109e+08	2.498176710e+07	6.670086165e+07	7.267032752e+07	8.274455376e-01	2.691833682e-02	-6.724965638e+01	9.978122440e+02	1.570987292e+03	1.843180809e+03
30000.000	1.489668244e+04	3.876355872e+02	3.831892898e+08	2.996849538e+07	7.423676337e+07	8.153688498e+07	9.926556899e-01	3.875867098e-02	-8.067691590e+01	9.968499349e+02	1.448038727e+03	1.708361352e+03
35000.000	2.027267456e+04	6.155089100e+02	3.827523624e+08	3.494997524e+07	8.121964130e+07	8.979458947e+07	1.157713686e+00	5.274884978e-02	-9.409180906e+01	9.957128997e+02	1.348289364e+03	1.598097703e+03
40000.000	2.647352343e+04	9.187047167e+02	3.822483957e+08	3.992533336e+07	8.774655609e+07	9.754655210e+07	1.322594165e+00	6.888740002e-02	-1.074922748e+02	9.944012581e+02	1.264763377e+03	1.505134375e+03
45000.000	3.349827809e+04	1.307960707e+03	3.816774671e+08	4.489369704e+07	9.388705324e+07	1.048671545e+08	1.487271771e+00	8.717262069e-02	-1.208762523e+02	9.929151485e+02	1.193151383e+03	1.424952587e+03
50000.000	4.134586076e+04	1.794005505e+03	3.810396641e+08	4.985419433e+07	9.969315638e+07	1.118123450e+08	1.651721145e+00	1.076025825e-01	-1.342416804e+02	9.912547275e+02	1.130619572e+03	1.354560562e+03
55000.000	5.001506688e+04	2.387557516e+03	3.803350847e+08	5.480595409e+07	1.052050942e+08	1.184255848e+08	1.815916928e+00	1.301751272e-01	-1.475864983e+02	9.894201707e+02	1.075212860e+03	1.291882167e+03
60000.000	5.950456512e+04	3.099323781e+03	3.795638369e+08	5.974810613e+07	1.104548050e+08	1.247415093e+08	1.979833764e+00	1.548878671e-01	-1.609086451e+02	9.874116720e+02	1.025530097e+03	1.235421875e+03
65000.000	6.981289736e+04	3.939998829e+03	3.787260394e+08	6.467978126e+07	1.154681953e+08	1.307883017e+08	2.143446298e+00	1.817381844e-01	-1.742060600e+02	9.852294442e+02	9.805355750e+02	1.184069157e+03
70000.000	8.093847867e+04	4.920263520e+03	3.778218210e+08	6.960011141e+07	1.202666558e+08	1.365892937e+08	2.306729172e+00	2.107232303e-01	-1.874766823e+02	9.828737190e+02	9.394438322e+02	1.136978298e+03
75000.000	9.287959739e+04	6.050783892e+03	3.768513207e+08	7.450822970e+07	1.248681167e+08	1.421640837e+08	2.469657034e+00	2.418399242e-01	-2.007184514e+02	9.803447465e+02	9.016461752e+02	1.093491381e+03
80000.000	1.056344151e+05	7.342209999e+03	3.758146880e+08	7.940327058e+07	1.292878016e+08	1.475293398e+08	2.632204530e+00	2.750849528e-01	-2.139293067e+02	9.776427962e+02	8.666621159e+02	1.053087173e+03
85000.000	1.192009665e+05	8.805174746e+03	3.747120826e+08	8.428436985e+07	1.335387809e+08	1.526993899e+08	2.794346310e+00	3.104547694e-01	-2.271071878e+02	9.747681562e+02	8.341062790e+02	1.015346151e+03
90000.000	1.335771597e+05	1.045029272e+04	3.735436745e+08	8.915066483e+07	1.376323861e+08	1.576866661e+08	2.956057023e+00	3.479455924e-01	-2.402500346e+02	9.717211339e+02	8.036652547e+02	9.799259652e+02
95000.000	1.487607760e+05	1.228815900e+04	3.723096441e+08	9.400129443e+07	1.415785258e+08	1.625020437e+08	3.117311323e+00	3.875534047e-01	-2.533557869e+02	9.685020559e+02	7.750810350e+02	9.465438087e+02
100000.000	1.647494700e+05	1.432934800e+04	3.710101819e+08	9.883539921e+07	1.453859314e+08	1.671551052e+08	3.278083864e+00	4.292739524e-01	-2.664223848e+02	9.651112678e+02	7.481389201e+02	9.149635157e+02
105000.000	1.815407695e+05	1.658441228e+04	3.696454889e+08	1.036521215e+08	1.490623497e+08	1.716543484e+08	3.438349305e+00	4.731027436e-01	-2.794477688e+02	9.615491347e+02	7.226585327e+02	8.849859398e+02
110000.000	1.991320757e+05	1.906388131e+04	3.682157763e+08	1.084506056e+08	1.526146969e+08	1.760073521e+08	3.598082307e+00	5.190350469e-01	-2.924298794e+02	9.578160411e+02	6.984870335e+02	8.564416699e+02
115000.000	2.175206630e+05	2.177826032e+04	3.667212657e+08	1.132299977e+08	1.560491830e+08	1.802209107e+08	3.757257535e+00	5.670658905e-01	-3.053666576e+02	9.539123912e+02	6.754939281e+02	8.291854361e+02
120000.000	2.367036792e+05	2.473802910e+04	3.651621887e+08	1.179894460e+08	1.593714124e+08	1.843011432e+08	3.915849659e+00	6.171900605e-01	-3.182560447e+02	9.498386086e+02	6.535670403e+02	8.030917582e+02
125000.000	2.566781455e+05	2.795364073e+04	3.635387876e+08	1.227281009e+08	1.625864680e+08	1.882535833e+08	4.073833352e+00	6.694020998e-01	-3.310959823e+02	9.455951369e+02	6.326093547e+02	7.780515217e+02
130000.000	2.774409565e+05	3.143552039e+04	3.618513148e+08	1.274451153e+08	1.656989801e+08	1.920832544e+08	4.231183294e+00	7.236963061e-01	-3.438844125e+02	9.411824396e+02	6.125365158e+02	7.539692539e+02
135000.000	2.989888800e+05	3.519406416e+04	3.601000328e+08	1.321396441e+08	1.687131846e+08	1.957947319e+08	4.387874170e+00	7.800667309e-01	-3.566192780e+02	9.366010000e+02	5.932748296e+02	7.307609361e+02
140000.000	3.213185575e+05	3.923963775e+04	3.582852147e+08	1.368108449e+08	1.716329722e+08	1.993921960e+08	4.543880673e+00	8.385071775e-01	-3.692985217e+02	9.318513219e+02	5.747596535e+02	7.083522309e+02
145000.000	3.444265039e+05	4.358257525e+04	3.564071437e+08	1.414578778e+08	1.744619301e+08	2.028794763e+08	4.699177501e+00	8.990111994e-01	-3.819200876e+02	9.269339292e+02	5.569340906e+02	6.866770326e+02
150000.000	3.683091076e+05	4.823317789e+04	3.544661134e+08	1.460799056e+08	1.772033784e+08	2.062600900e+08	4.853739362e+00	9.615720989e-01	-3.944819199e+02	9.218493662e+02	5.397479249e+02	6.656762734e+02
155000.000	3.929626305e+05	5.320171279e+04	3.524624275e+08	1.506760938e+08	1.798604007e+08	2.095372744e+08	5.007540974e+00	1.026182925e+00	-4.069819637e+02	9.165981978e+02	5.231567503e+02	6.452969325e+02
160000.000	4.183832081e+05	5.849841168e+04	3.503964001e+08	1.552456109e+08	1.824358718e+08	2.127140151e+08	5.160557062e+00	1.092836471e+00	-4.194181651e+02	9.111810097e+02	5.071212546e+02	6.254912075e+02
165000.000	4.445668498e+05	6.413346961e+04	3.482683556e+08	1.597876282e+08	1.849324812e+08	2.157930702e+08	5.312762365e+00	1.161525274e+00	-4.317884709e+02	9.055984086e+02	4.916066338e+02	6.062158177e+02
170000.000	4.715094384e+05	7.011704367e+04	3.460786287e+08	1.643013203e+08	1.873527548e+08	2.187769914e+08	5.464131631e+00	1.232241613e+00	-4.440908288e+02	8.998510219e+02	4.765821120e+02	5.874314135e+02
175000.000	4.992067306e+05	7.645925168e+04	3.438275640e+08	1.687858648e+08	1.896990737e+08	2.216681426e+08	5.614639624e+00	1.304977505e+00	-4.563231878e+02	8.939394984e+02	4.620205531e+02	5.691020727e+02
180000.000	5.276543571e+05	8.317017091e+04	3.415155169e+08	1.732404428e+08	1.919736920e+08	2.244687156e+08	5.764261121e+00	1.379724703e+00	-4.684834977e+02	8.878645083e+02	4.478981507e+02	5.511948691e+02
185000.000	5.568478223e+05	9.025983672e+04	3.391428525e+08	1.776642386e+08	1.941787525e+08	2.271807442e+08	5.912970913e+00	1.456474699e+00	-4.805697100e+02	8.816267433e+02	4.341941893e+02	5.336794993e+02
190000.000	5.867825048e+05	9.773824128e+04	3.367099467e+08	1.820564402e+08	1.963163015e+08	2.298061168e+08	6.060743810e+00	1.535218713e+00	-4.925797773e+02	8.752269168e+02	4.208908683e+02	5.165279587e+02
195000.000	6.174536570e+05	1.056153322e+05	3.342171851e+08	1.864162389e+08	1.983883037e+08	2.323465868e+08	6.207554639e+00	1.615947700e+00	-5.045116536e+02	8.686657639e+02	4.079731894e+02	4.997142582e+02
200000.000	6.488564058e+05	1.139010110e+05	3.316649639e+08	1.907428302e+08	2.003966556e+08	2.348037820e+08	6.353378247e+00	1.698652342e+00	-5.163632946e+02	8.619440421e+02	3.954289042e+02	4.832141752e+02
205000.000	6.809857522e+05	1.226051324e+05	3.290536893e+08	1.950354130e+08	2.023431991e+08	2.371792134e+08	6.498189502e+00	1.783323046e+00	-5.281326579e+02	8.550625309e+02	3.832485264e+02	4.670050335e+02
210000.000	7.138365717e+05	1.317375018e+05	3.263837778e+08	1.992931905e+08	2.042297361e+08	2.394742816e+08	6.641963294e+00	1.869949945e+00	-5.398177027e+02	8.480220322e+02	3.714254152e+02	4.510655075e+02
215000.000	7.474036142e+05	1.413078752e+05	3.236556562e+08	2.035153697e+08	2.060580425e+08	2.416902842e+08	6.784674540e+00	1.958522894e+00	-5.514163902e+02	8.408233706e+02	3.599559374e+02	4.353754491e+02
220000.000	7.816815044e+05	1.513259568e+05	3.208697612e+08	2.077011620e+08	2.078298841e+08	2.438284200e+08	6.926298180e+00	2.049031466e+00	-5.629266839e+02	8.334673936e+02	3.488397273e+02	4.199157345e+02
225000.000	8.166647416e+05	1.618013981e+05	3.180265401e+08	2.118497829e+08	2.095470338e+08	2.458897950e+08	7.066809184e+00	2.141464952e+00	-5.743465493e+02	8.259549715e+02	3.380800635e+02	4.046681309e+02
230000.000	8.523477002e+05	1.727437962e+05	3.151264498e+08	2.159604525e+08	2.112112911e+08	2.478754257e+08	7.206182551e+00	2.235812357e+00	-5.856739548e+02	8.182869979e+02	3.276843964e+02	3.896151871e+02
235000.000	8.887246295e+05	1.841626928e+05	3.121699580e+08	2.200323952e+08	2.128245047e+08	2.497862433e+08	7.344393314e+00	2.332062398e+00	-5.969068709e+02	8.104643898e+02	3.176650711e+02	3.747401505e+02
240000.000	9.257896541e+05	1.960675720e+05	3.091575420e+08	2.240648402e+08	2.143885990e+08	2.516230969e+08	7.481416538e+00	2.430203502e+00	-6.080432712e+02	8.024880877e+02	3.080403104e+02	3.600269248e+02
245000.000	9.635367741e+05	2.084678598e+05	3.060896895e+08	2.280570215e+08	2.159056073e+08	2.533867565e+08	7.617227326e+00	2.530223805e+00	-6.190811322e+02	7.943590560e+02	2.988355508e+02	3.454600852e+02
250000.000	1.001959865e+06	2.213729218e+05	3.029668983e+08	2.320081779e+08	2.173777114e+08	2.550779172e+08	7.751800819e+00	2.632111144e+00	-6.300184335e+02	7.860782832e+02	2.900852674e+02	3.310249873e+02
255000.000	1.041052679e+06	2.347920622e+05	2.997896761e+08	2.359175531e+08	2.188072933e+08	2.566972032e+08	7.885112200e+00	2.735853061e+00	-6.408531581e+02	7.776467817e+02	2.818354857e+02	3.167080289e+02
260000.000	1.080808842e+06	2.487345221e+05	2.965585410e+08	2.397843962e+08	2.201970011e+08	2.582451742e+08	8.017136694e+00	2.841436796e+00	-6.515832925e+02	7.690655887e+02	2.741472783e+02	3.024971694e+02
265000.000	1.121221860e+06	2.632094781e+05	2.932740209e+08	2.436079613e+08	2.215498356e+08	2.597223356e+08	8.147849574e+00	2.948849286e+00	-6.622068271e+02	7.603357657e+02	2.671016991e+02	2.883828936e+02
270000.000	1.162285111e+06	2.782260407e+05	2.899366537e+08	2.473875080e+08	2.228692672e+08	2.611291550e+08	8.277226163e+00	3.058077165e+00	-6.727217562e+02	7.514583992e+02	2.608068527e+02	2.743599572e+02
275000.000	1.203991853e+06	2.937932526e+05	2.865469877e+08	2.511223012e+08	2.241593949e+08	2.624660904e+08	8.405241833e+00	3.169106754e+00	-6.831260782e+02	7.424346008e+02	2.554081957e+02	2.604305399e+02
280000.000	1.246335220e+06	3.099200877e+05	2.831055806e+08	2.548116118e+08	2.254251689e+08	2.637336406e+08	8.531872013e+00	3.281924066e+00	-6.934177961e+02	7.332655073e+02	2.511038201e+02	2.466099982e+02
285000.000	1.289308223e+06	3.266154490e+05	2.796130007e+08	2.584547161e+08	2.266727072e+08	2.649324348e+08	8.657092190e+00	3.396514800e+00	-7.035949177e+02	7.239522811e+02	2.481675352e+02	2.329375605e+02
290000.000	1.332903751e+06	3.438881671e+05	2.760698258e+08	2.620508964e+08	2.279097569e+08	2.660633977e+08	8.780877910e+00	3.512864340e+00	-7.136554556e+02	7.144961100e+02	2.469842871e+02	2.194967218e+02
295000.000	1.377114571e+06	3.617469989e+05	2.724766437e+08	2.655994410e+08	2.291463764e+08	2.671280592e+08	8.903204787e+00	3.630957748e+00	-7.235974277e+02	7.048982081e+02	2.481050305e+02	2.064553567e+02
300000.000	1.421933327e+06	3.802006256e+05	2.688340524e+08	2.690996443e+08	2.303959623e+08	2.681291560e+08	9.024048500e+00	3.750779766e+00	-7.334188574e+02	6.951598154e+02	2.523311310e+02	1.941473640e+02
305000.000	1.467352544e+06	3.992576516e+05	2.651426594e+08	2.725508071e+08	2.316767923e+08	2.690718380e+08	9.143384800e+00	3.872314814e+00	-7.431177739e+02	6.852821983e+02	2.608375384e+02	1.832445465e+02
310000.000	1.513364623e+06	4.189266023e+05	2.614030821e+08	2.759522364e+08	2.330142616e+08	2.699661653e+08	9.261189512e+00	3.995546982e+00	-7.526922124e+02	6.752666498e+02	2.753184650e+02	1.751268681e+02
315000.000	1.559961846e+06	4.392159229e+05	2.576159480e+08	2.793032459e+08	2.344436458e+08	2.708323774e+08	9.377438542e+00	4.120460031e+00	-7.621402146e+02	6.651144895e+02	2.980016451e+02	1.726674224e+02
320000.000	1.607136375e+06	4.601339765e+05	2.537818940e+08	2.826031559e+08	2.360113693e+08	2.717116810e+08	9.492107876e+00	4.247037393e+00	-7.714598290e+02	6.548270644e+02	3.308307847e+02	1.816674571e+02
325000.000	1.654880252e+06	4.816890425e+05	2.499015669e+08	2.858512934e+08	2.377661168e+08	2.726844733e+08	9.605173588e+00	4.375262160e+00	-7.806491109e+02	6.444057482e+02	3.717457290e+02	2.119407904e+02
330000.000	1.703185399e+06	5.038893151e+05	2.459756233e+08	2.890469925e+08	2.397202622e+08	2.738811008e+08	9.716611843e+00	4.505117092e+00	-7.897061231e+02	6.338519424e+02	4.070823760e+02	2.714851219e+02
335000.000	1.752043618e+06	5.267429011e+05	2.420047293e+08	2.921895944e+08	2.417903867e+08	2.754297560e+08	9.826398899e+00	4.636584606e+00	-7.986289361e+02	6.231670758e+02	4.152929644e+02	3.485079108e+02
340000.000	1.801446596e+06	5.502578189e+05	2.379895608e+08	2.952784473e+08	2.438223916e+08	2.773467627e+08	9.934511115e+00	4.769646778e+00	-8.074156285e+02	6.123526054e+02	3.937900531e+02	4.146358305e+02
345000.000	1.851385899e+06	5.744419962e+05	2.339308031e+08	2.983129069e+08	2.457070263e+08	2.795354059e+08	1.004092495e+01	4.904285338e+00	-8.160642872e+02	6.014100158e+02	3.592584617e+02	4.569543994e+02
350000.000	1.901852976e+06	5.993032686e+05	2.298291512e+08	3.012923364e+08	2.474147542e+08	2.818838054e+08	1.014561699e+01	5.040481669e+00	-8.245730081e+02	5.903408203e+02	3.242927212e+02	4.798109614e+02
355000.000	1.952839160e+06	6.248493776e+05	2.256853094e+08	3.042161067e+08	2.489564023e+08	2.843132601e+08	1.024856389e+01	5.178216805e+00	-8.329398961e+02	5.791465601e+02	2.930831603e+02	4.904238161e+02
360000.000	2.004335668e+06	6.510879691e+05	2.214999917e+08	3.070835962e+08	2.503525638e+08	2.867760882e+08	1.034974248e+01	5.317471428e+00	-8.411630659e+02	5.678288056e+02	2.660332282e+02	4.937934873e+02
365000.000	2.056333599e+06	6.780265916e+05	2.172739214e+08	3.098941915e+08	2.516226332e+08	2.892440603e+08	1.044912967e+01	5.458225863e+00	-8.492406421e+02	5.563891555e+02	2.425212355e+02	4.928418814e+02
370000.000	2.108823941e+06	7.056726941e+05	2.130078311e+08	3.126472873e+08	2.527824521e+08	2.917001187e+08	1.054670251e+01	5.600460081e+00	-8.571707596e+02	5.448292379e+02	2.218193714e+02	4.892350879e+02
375000.000	2.161797563e+06	7.340336247e+05	2.087024627e+08	3.153422862e+08	2.538444867e+08	2.941336223e+08	1.064243820e+01	5.744153692e+00	-8.649515643e+02	5.331507098e+02	2.033181818e+02	4.839426175e+02
380000.000	2.215245223e+06	7.631166288e+05	2.043585674e+08	3.179785995e+08	2.548185143e+08	2.965377192e+08	1.073631406e+01	5.889285945e+00	-8.725812134e+02	5.213552577e+02	1.865491440e+02	4.775476758e+02
385000.000	2.269157566e+06	7.929288468e+05	1.999769055e+08	3.205556468e+08	2.557122734e+08	2.989078740e+08	1.082830755e+01	6.035835727e+00	-8.800578758e+02	5.094445977e+02	1.711601851e+02	4.704135371e+02
390000.000	2.323525124e+06	8.234773128e+05	1.955582466e+08	3.230728564e+08	2.565319720e+08	3.012410165e+08	1.091839631e+01	6.183781557e+00	-8.873797326e+02	4.974204755e+02	1.568868214e+02	4.627739763e+02
395000.000	2.378338317e+06	8.547689527e+05	1.911033692e+08	3.255296654e+08	2.572826644e+08	3.035350322e+08	1.100655810e+01	6.333101589e+00	-8.945449776e+02	4.852846667e+02	1.435286330e+02	4.547838665e+02
400000.000	2.433587456e+06	8.868105820e+05	1.866130608e+08	3.279255199e+08	2.579685255e+08	3.057884480e+08	1.109277086e+01	6.483773605e+00	-9.015518177e+02	4.730389770e+02	1.309318682e+02	4.465484342e+02
405000.000	2.489262741e+06	9.196089044e+05	1.820881180e+08	3.302598751e+08	2.585930514e+08	3.080002306e+08	1.117701270e+01	6.635775018e+00	-9.083984737e+02	4.606852422e+02	1.189769756e+02	4.381407364e+02
410000.000	2.545354262e+06	9.531705096e+05	1.775293460e+08	3.325321954e+08	2.591592069e+08	3.101696551e+08	1.125926190e+01	6.789082865e+00	-9.150831802e+02	4.482253284e+02	1.075697261e+02	4.296124271e+02
415000.000	2.601852003e+06	9.875018716e+05	1.729375590e+08	3.347419546e+08	2.596695352e+08	3.122962162e+08	1.133949693e+01	6.943673811e+00	-9.216041869e+02	4.356611323e+02	9.663486627e+01	4.210005790e+02
420000.000	2.658745839e+06	1.022609347e+06	1.683135799e+08	3.368886361e+08	2.601262409e+08	3.143795670e+08	1.141769642e+01	7.099524144e+00	-9.279597584e+02	4.229945810e+02	8.611154224e+01	4.123321191e+02
425000.000	2.716025539e+06	1.058499172e+06	1.636582400e+08	3.389717331e+08	2.605312531e+08	3.164194762e+08	1.149383924e+01	7.256609773e+00	-9.341481753e+02	4.102276325e+02	7.594996250e+01	4.036267800e+02
430000.000	2.773680769e+06	1.095177463e+06	1.589723796e+08	3.409907484e+08	2.608862744e+08	3.184157977e+08	1.156790441e+01	7.414906228e+00	-9.401677343e+02	3.973622756e+02	6.610893652e+01	3.948991064e+02
435000.000	2.831701086e+06	1.132650211e+06	1.542568469e+08	3.429451952e+08	2.611928190e+08	3.203684481e+08	1.163987119e+01	7.574388659e+00	-9.460167492e+02	3.844005298e+02	5.655403718e+01	3.861598446e+02
440000.000	2.890075949e+06	1.170923284e+06	1.495124991e+08	3.448345965e+08	2.614522430e+08	3.222773902e+08	1.170971905e+01	7.735031834e+00	-9.516935512e+02	3.713444459e+02	4.725621317e+01	3.774169222e+02
445000.000	2.948794711e+06	1.210002421e+06	1.447402012e+08	3.466584859e+08	2.616657682e+08	3.241426210e+08	1.177742767e+01	7.896810138e+00	-9.571964895e+02	3.581961058e+02	3.819072922e+01	3.686761495e+02
450000.000	3.007846627e+06	1.249893234e+06	1.399408267e+08	3.484164073e+08	2.618345020e+08	3.259641624e+08	1.184297698e+01	8.059697573e+00	-9.625239319e+02	3.449576224e+02	2.933634823e+01	3.599417289e+02
455000.000	3.067220849e+06	1.290601201e+06	1.351152571e+08	3.501079154e+08	2.619594528e+08	3.277420539e+08	1.190634713e+01	8.223667756e+00	-9.676742656e+02	3.316311399e+02	2.067469355e+01	3.512166294e+02
460000.000	3.126906433e+06	1.332131671e+06	1.302643819e+08	3.517325757e+08	2.620415433e+08	3.294763476e+08	1.196751851e+01	8.388693918e+00	-9.726458976e+02	3.182188340e+02	1.218974701e+01	3.425028661e+02
465000.000	3.186892337e+06	1.374489855e+06	1.253890985e+08	3.532899644e+08	2.620816212e+08	3.311671036e+08	1.202647179e+01	8.554748906e+00	-9.774372555e+02	3.047229115e+02	3.867450285e+00	3.338017096e+02
470000.000	3.247167423e+06	1.417680829e+06	1.204903124e+08	3.547796691e+08	2.620804681e+08	3.328143869e+08	1.208318787e+01	8.721805178e+00	-9.820467878e+02	2.911456107e+02	-4.304614497e+00	3.251138459e+02
475000.000	3.307720456e+06	1.461709529e+06	1.155689363e+08	3.562012887e+08	2.620388070e+08	3.344182646e+08	1.213764794e+01	8.889834810e+00	-9.864729650e+02	2.774892013e+02	-1.233748260e+01	3.164394982e+02
480000.000	3.368540111e+06	1.506580752e+06	1.106258908e+08	3.575544331e+08	2.619573088e+08	3.359788041e+08	1.218983344e+01	9.058809488e+00	-9.907142801e+02	2.637559845e+02	-2.024101651e+01	3.077785217e+02
485000.000	3.429614969e+06	1.552299152e+06	1.056621040e+08	3.588387244e+08	2.618365976e+08	3.374960714e+08	1.223972613e+01	9.228700512e+00	-9.947692491e+02	2.499482926e+02	-2.802407787e+01	2.991304771e+02
490000.000	3.490933521e+06	1.598869236e+06	1.006785113e+08	3.600537959e+08	2.616772554e+08	3.389701294e+08	1.228730803e+01	9.399478798e+00	-9.986364119e+02	2.360684897e+02	-3.569466934e+01	2.904946877e+02
495000.000	3.552484169e+06	1.646295369e+06	9.567605533e+07	3.611992931e+08	2.614798262e+08	3.404010372e+08	1.233256148e+01	9.571114874e+00	-1.002314333e+03	2.221189708e+02	-4.326005240e+01	2.818702850e+02
500000.000	3.614255226e+06	1.694581765e+06	9.065568576e+07	3.622748734e+08	2.612448192e+08	3.417888495e+08	1.237546914e+01	9.743578884e+00	-1.005801602e+03	2.081021625e+02	-5.072684580e+01	2.732562445e+02
505000.000	3.676234922e+06	1.743732488e+06	8.561835937e+07	3.632802066e+08	2.609727119e+08	3.431336150e+08	1.241601395e+01	9.916840589e+00	-1.009096833e+03	1.940205226e+02	-5.810110827e+01	2.646514137e+02
510000.000	3.738411400e+06	1.793751449e+06	8.056503975e+07	3.642149748e+08	2.606639530e+08	3.444353769e+08	1.245417923e+01	1.009086936e+01	-1.012198671e+03	1.798765400e+02	-6.538840842e+01	2.560545353e+02
515000.000	3.800772721e+06	1.844642408e+06	7.549669721e+07	3.650788723e+08	2.603189642e+08	3.456941714e+08	1.248994858e+01	1.026563420e+01	-1.015105783e+03	1.656727346e+02	-7.259388414e+01	2.474642649e+02
520000.000	3.863306866e+06	1.896408966e+06	7.041430864e+07	3.658716067e+08	2.599381426e+08	3.469100282e+08	1.252330600e+01	1.044110372e+01	-1.017816868e+03	1.514116573e+02	-7.972229333e+01	2.388791853e+02
525000.000	3.926001735e+06	1.949054567e+06	6.531885737e+07	3.665928978e+08	2.595218623e+08	3.480829695e+08	1.255423581e+01	1.061724615e+01	-1.020330651e+03	1.370958899e+02	-8.677805737e+01	2.302978181e+02
530000.000	3.988845152e+06	2.002582495e+06	6.021133303e+07	3.672424788e+08	2.590704762e+08	3.492130100e+08	1.258272271e+01	1.079402935e+01	-1.022645890e+03	1.227280447e+02	-9.376529869e+01	2.217186327e+02
535000.000	4.051824866e+06	2.056995874e+06	5.509273140e+07	3.678200958e+08	2.585843171e+08	3.503001568e+08	1.260875176e+01	1.097142080e+01	-1.024761370e+03	1.083107646e+02	-1.006878732e+02	2.131400538e+02
540000.000	4.114928549e+06	2.112297662e+06	4.996405423e+07	3.683255085e+08	2.580636992e+08	3.513444089e+08	1.263230841e+01	1.114938761e+01	-1.026675909e+03	9.384672298e+01	-1.075493987e+02	2.045604667e+02
545000.000	4.178143805e+06	2.168490654e+06	4.482630912e+07	3.687584896e+08	2.575089192e+08	3.523457570e+08	1.265337851e+01	1.132789651e+01	-1.028388357e+03	7.933862307e+01	-1.143532794e+02	1.959782217e+02
550000.000	4.241458167e+06	2.225577475e+06	3.968050934e+07	3.691188258e+08	2.569202571e+08	3.533041838e+08	1.267194831e+01	1.150691388e+01	-1.029897595e+03	6.478919817e+01	-1.211027274e+02	1.873916379e+02
555000.000	4.304859099e+06	2.283560583e+06	3.452767366e+07	3.694063173e+08	2.562979776e+08	3.542196633e+08	1.268800445e+01	1.168640573e+01	-1.031202539e+03	5.020121122e+01	-1.278007823e+02	1.787990050e+02
560000.000	4.368334001e+06	2.342442266e+06	2.936882619e+07	3.696207783e+08	2.556423302e+08	3.550921609e+08	1.270153403e+01	1.186633768e+01	-1.032302140e+03	3.557745457e+01	-1.344503274e+02	1.701985857e+02
565000.000	4.431870207e+06	2.402224636e+06	2.420499620e+07	3.697620370e+08	2.549535506e+08	3.559216333e+08	1.271252454e+01	1.204667504e+01	-1.033195381e+03	2.092074971e+01	-1.410541053e+02	1.615886163e+02
570000.000	4.495454994e+06	2.462909633e+06	1.903721795e+07	3.698299356e+08	2.542318610e+08	3.567080282e+08	1.272096395e+01	1.222738272e+01	-1.033881284e+03	6.233946946e+00	-1.476147305e+02	1.529673077e+02
575000.000	4.559075576e+06	2.524499021e+06	1.386653050e+07	3.698243311e+08	2.534774710e+08	3.574512844e+08	1.272684066e+01	1.240842530e+01	-1.034358906e+03	-8.480074903e+00	-1.541347019e+02	1.443328456e+02
580000.000	4.622719111e+06	2.586994385e+06	8.693977539e+06	3.697450944e+08	2.526905778e+08	3.581513317e+08	1.273014352e+01	1.258976703e+01	-1.034627342e+03	-2.321840884e+01	-1.606164132e+02	1.356833898e+02
585000.000	4.686372703e+06	2.650397130e+06	3.520607174e+06	3.695921113e+08	2.518713668e+08	3.588080902e+08	1.273086187e+01	1.277137178e+01	-1.034685725e+03	-3.797812009e+01	-1.670621624e+02	1.270170743e+02
590000.000	4.750023405e+06	2.714708480e+06	-1.652528244e+06	3.693652825e+08	2.510200124e+08	3.594214711e+08	1.272898554e+01	1.295320311e+01	-1.034533228e+03	-5.275624642e+01	-1.734741607e+02	1.183320063e+02
595000.000	4.813658218e+06	2.779929477e+06	-6.824372327e+06	3.690645232e+08	2.501366779e+08	3.599913758e+08	1.272450482e+01	1.313522425e+01	-1.034169063e+03	-6.754979864e+01	-1.798545404e+02	1.096262649e+02
600000.000	4.877264097e+06	2.846060977e+06	-1.199386485e+07	3.686897638e+08	2.492215162e+08	3.605176961e+08	1.271741053e+01	1.331739808e+01	-1.033592483e+03	-8.235576097e+01	-1.862053618e+02	1.008979002e+02
605000.000	4.940827953e+06	2.913103650e+06	-1.715994196e+07	3.682409499e+08	2.482746702e+08	3.610003138e+08	1.270769398e+01	1.349968717e+01	-1.032802782e+03	-9.717109150e+01	-1.925286199e+02	9.214493117e+01
610000.000	5.004336653e+06	2.981057978e+06	-2.232153636e+07	3.677180424e+08	2.472962727e+08	3.614391010e+08	1.269534702e+01	1.368205380e+01	-1.031799298e+03	-1.119927227e+02	-1.988262505e+02	8.336534471e+01
615000.000	5.067777026e+06	3.049924254e+06	-2.747757759e+07	3.671210174e+08	2.462864473e+08	3.618339195e+08	1.268036202e+01	1.386445989e+01	-1.030581410e+03	-1.268175620e+02	-2.051001353e+02	7.455709316e+01
620000.000	5.131135865e+06	3.119702579e+06	-3.262699216e+07	3.664498666e+08	2.452453079e+08	3.621846207e+08	1.266273190e+01	1.404686710e+01	-1.029148543e+03	-1.416424920e+02	-2.113521077e+02	6.571809244e+01
625000.000	5.194399926e+06	3.190392862e+06	-3.776870383e+07	3.657045975e+08	2.441729597e+08	3.624910457e+08	1.264245012e+01	1.422923678e+01	-1.027500165e+03	-1.564643716e+02	-2.175839567e+02	5.684621975e+01
630000.000	5.257555936e+06	3.261994819e+06	-4.290163382e+07	3.648852333e+08	2.430694990e+08	3.627530245e+08	1.261951071e+01	1.441152998e+01	-1.025635791e+03	-1.712800359e+02	-2.237974319e+02	4.793931115e+01
635000.000	5.320590595e+06	3.334507969e+06	-4.802470102e+07	3.639918128e+08	2.419350132e+08	3.629703767e+08	1.259390827e+01	1.459370749e+01	-1.023554983e+03	-1.860862974e+02	-2.299942474e+02	3.899515894e+01
640000.000	5.383490573e+06	3.407931635e+06	-5.313682227e+07	3.630243913e+08	2.407695815e+08	3.631429103e+08	1.256563797e+01	1.477572981e+01	-1.021257349e+03	-2.008799461e+02	-2.361760855e+02	3.001150888e+01
645000.000	5.446242521e+06	3.482264943e+06	-5.823691255e+07	3.619830398e+08	2.395732745e+08	3.632704221e+08	1.253469561e+01	1.495755719e+01	-1.018742544e+03	-2.156577509e+02	-2.423446006e+02	2.098605720e+01
650000.000	5.508833069e+06	3.557506816e+06	-6.332388527e+07	3.608678456e+08	2.383461549e+08	3.633526973e+08	1.250107753e+01	1.513914960e+01	-1.016010275e+03	-2.304164592e+02	-2.485014223e+02	1.191644747e+01
655000.000	5.571248832e+06	3.633655980e+06	-6.839665245e+07	3.596789125e+08	2.370882771e+08	3.633895090e+08	1.246478074e+01	1.532046679e+01	-1.013060297e+03	-2.451527988e+02	-2.546481591e+02	2.800267287e+00
660000.000	5.633476408e+06	3.710710957e+06	-7.345412506e+07	3.584163604e+08	2.357996875e+08	3.633806182e+08	1.242580284e+01	1.550146824e+01	-1.009892414e+03	-2.598634776e+02	-2.607864009e+02	-6.364955347e+00
665000.000	5.695502388e+06	3.788670068e+06	-7.849521317e+07	3.570803260e+08	2.344804246e+08	3.633257735e+08	1.238414206e+01	1.568211323e+01	-1.006506483e+03	-2.745451852e+02	-2.669177226e+02	-1.558175572e+01
670000.000	5.757313355e+06	3.867531427e+06	-8.351882632e+07	3.556709624e+08	2.331305192e+08	3.632247104e+08	1.233979727e+01	1.586236080e+01	-1.002902413e+03	-2.891945930e+02	-2.730436865e+02	-2.485273643e+01
675000.000	5.818895887e+06	3.947292945e+06	-8.852387367e+07	3.541884395e+08	2.317499941e+08	3.630771513e+08	1.229276800e+01	1.604216979e+01	-9.990801649e+02	-3.038083556e+02	-2.791658453e+02	-3.418057159e+01
680000.000	5.880236561e+06	4.027952325e+06	-9.350926436e+07	3.526329438e+08	2.303388645e+08	3.628828053e+08	1.224305444e+01	1.622149883e+01	-9.950397538e+02	-3.183831112e+02	-2.852857448e+02	-4.356801135e+01
685000.000	5.941321959e+06	4.109507064e+06	-9.847390771e+07	3.510046790e+08	2.288971379e+08	3.626413672e+08	1.219065742e+01	1.640030637e+01	-9.907812483e+02	-3.329154827e+02	-2.914049266e+02	-5.301788658e+01
690000.000	6.002138666e+06	4.191954450e+06	-1.034167136e+08	3.493038653e+08	2.274248139e+08	3.623525175e+08	1.213557848e+01	1.657855069e+01	-9.863047723e+02	-3.474020784e+02	-2.975249301e+02	-6.253311400e+01
695000.000	6.062673277e+06	4.275291563e+06	-1.083365924e+08	3.475307402e+08	2.259218846e+08	3.620159221e+08	1.207781982e+01	1.675618988e+01	-9.816105054e+02	-3.618394933e+02	-3.036472961e+02	-7.211670150e+01
700000.000	6.122912402e+06	4.359515271e+06	-1.132324560e+08	3.456855580e+08	2.243883344e+08	3.616312314e+08	1.201738433e+01	1.693318189e+01	-9.766986832e+02	-3.762243096e+02	-3.097735684e+02	-8.177175386e+01
705000.000	6.182842665e+06	4.444622233e+06	-1.181032172e+08	3.437685905e+08	2.228241398e+08	3.611980801e+08	1.195427564e+01	1.710948454e+01	-9.715695986e+02	-3.905530981e+02	-3.159052966e+02	-9.150147882e+01
710000.000	6.242450711e+06	4.530608896e+06	-1.229477905e+08	3.417801262e+08	2.212292698e+08	3.607160866e+08	1.188849804e+01	1.728505548e+01	-9.662236021e+02	-4.048224187e+02	-3.220440388e+02	-1.013091936e+02
715000.000	6.301723206e+06	4.617471497e+06	-1.277650924e+08	3.397204711e+08	2.196036852e+08	3.601848525e+08	1.182005656e+01	1.745985228e+01	-9.606611023e+02	-4.190288220e+02	-3.281913641e+02	-1.111983316e+02
720000.000	6.360646846e+06	4.705206058e+06	-1.325540414e+08	3.375899486e+08	2.179473392e+08	3.596039617e+08	1.174895697e+01	1.763383240e+01	-9.548825669e+02	-4.331688499e+02	-3.343488548e+02	-1.211724500e+02
725000.000	6.419208356e+06	4.793808389e+06	-1.373135588e+08	3.353888990e+08	2.162601770e+08	3.589729802e+08	1.167520574e+01	1.780695319e+01	-9.488885230e+02	-4.472390368e+02	-3.405181092e+02	-1.312352377e+02
730000.000	6.477394496e+06	4.883274087e+06	-1.420425685e+08	3.331176804e+08	2.145421358e+08	3.582914552e+08	1.159881010e+01	1.797917193e+01	-9.426795581e+02	-4.612359110e+02	-3.467007445e+02	-1.413905234e+02
735000.000	6.535192063e+06	4.973598534e+06	-1.467399973e+08	3.307766679e+08	2.127931445e+08	3.575589142e+08	1.151977803e+01	1.815044584e+01	-9.362563200e+02	-4.751559954e+02	-3.528983989e+02	-1.516422848e+02
740000.000	6.592587897e+06	5.064776899e+06	-1.514047757e+08	3.283662542e+08	2.110131240e+08	3.567748646e+08	1.143811825e+01	1.832073209e+01	-9.296195179e+02	-4.889958088e+02	-3.591127348e+02	-1.619946582e+02
745000.000	6.649568882e+06	5.156804137e+06	-1.560358378e+08	3.258868494e+08	2.092019866e+08	3.559387928e+08	1.135384024e+01	1.848998781e+01	-9.227699228e+02	-5.027518673e+02	-3.653454416e+02	-1.724519491e+02
750000.000	6.706121953e+06	5.249674988e+06	-1.606321217e+08	3.233388809e+08	2.073596361e+08	3.550501628e+08	1.126695426e+01	1.865817012e+01	-9.157083678e+02	-5.164206852e+02	-3.715982382e+02	-1.830186430e+02
755000.000	6.762234096e+06	5.343383978e+06	-1.651925697e+08	3.207227938e+08	2.054859678e+08	3.541084162e+08	1.117747134e+01	1.882523612e+01	-9.084357488e+02	-5.299987765e+02	-3.778728767e+02	-1.936994177e+02
760000.000	6.817892357e+06	5.437925417e+06	-1.697161290e+08	3.180390502e+08	2.035808679e+08	3.531129704e+08	1.108540326e+01	1.899114293e+01	-9.009530246e+02	-5.434826558e+02	-3.841711449e+02	-2.044991560e+02
765000.000	6.873083841e+06	5.533293403e+06	-1.742017515e+08	3.152881300e+08	2.016442139e+08	3.520632179e+08	1.099076261e+01	1.915584768e+01	-8.932612180e+02	-5.568688400e+02	-3.904948699e+02	-2.154229596e+02
770000.000	6.927795718e+06	5.629481819e+06	-1.786483945e+08	3.124705304e+08	1.996758737e+08	3.509585251e+08	1.089356276e+01	1.931930758e+01	-8.853614154e+02	-5.701538493e+02	-3.968459215e+02	-2.264761642e+02
775000.000	6.982015227e+06	5.726484333e+06	-1.830550209e+08	3.095867660e+08	1.976757060e+08	3.497982313e+08	1.079381787e+01	1.948147985e+01	-8.772547676e+02	-5.833342085e+02	-4.032262157e+02	-2.376643558e+02
780000.000	7.035729680e+06	5.824294400e+06	-1.874205995e+08	3.066373685e+08	1.956435595e+08	3.485816469e+08	1.069154289e+01	1.964232181e+01	-8.689424900e+02	-5.964064485e+02	-4.096377186e+02	-2.489933885e+02
785000.000	7.088926465e+06	5.922905263e+06	-1.917441052e+08	3.036228874e+08	1.935792734e+08	3.473080524e+08	1.058675359e+01	1.980179087e+01	-8.604258630e+02	-6.093671079e+02	-4.160824501e+02	-2.604694028e+02
790000.000	7.141593053e+06	6.022309950e+06	-1.960245197e+08	3.005438892e+08	1.914826762e+08	3.459766971e+08	1.047946650e+01	1.995984455e+01	-8.517062322e+02	-6.222127336e+02	-4.225624885e+02	-2.720988473e+02
795000.000	7.193716996e+06	6.122501279e+06	-2.002608315e+08	2.974009576e+08	1.893535861e+08	3.445867970e+08	1.036969900e+01	2.011644049e+01	-8.427850085e+02	-6.349398829e+02	-4.290799744e+02	-2.838885005e+02
800000.000	7.245285939e+06	6.223471855e+06	-2.044520363e+08	2.941946935e+08	1.871918104e+08	3.431375332e+08	1.025746925e+01	2.027153646e+01	-8.336636686e+02	-6.475451247e+02	-4.356371158e+02	-2.958454954e+02
805000.000	7.296287617e+06	6.325214074e+06	-2.085971373e+08	2.909257152e+08	1.849971450e+08	3.416280506e+08	1.014279624e+01	2.042509042e+01	-8.243437550e+02	-6.600250410e+02	-4.422361930e+02	-3.079773465e+02
810000.000	7.346709862e+06	6.427720120e+06	-2.126951456e+08	2.875946577e+08	1.827693746e+08	3.400574552e+08	1.002569974e+01	2.057706049e+01	-8.148268760e+02	-6.723762281e+02	-4.488795638e+02	-3.202919787e+02
815000.000	7.396540609e+06	6.530981969e+06	-2.167450805e+08	2.842021731e+08	1.805082715e+08	3.384248123e+08	9.906200367e+00	2.072740498e+01	-8.051147059e+02	-6.845952984e+02	-4.555696689e+02	-3.327977591e+02
820000.000	7.445767897e+06	6.634991391e+06	-2.207459700e+08	2.807489305e+08	1.782135958e+08	3.367291443e+08	9.784319531e+00	2.087608242e+01	-7.952089853e+02	-6.966788814e+02	-4.623090385e+02	-3.455035322e+02
825000.000	7.494379872e+06	6.739739946e+06	-2.246968508e+08	2.772356157e+08	1.758850947e+08	3.349694281e+08	9.660079460e+00	2.102305158e+01	-7.851115206e+02	-7.086236259e+02	-4.691002981e+02	-3.584186580e+02
830000.000	7.542364797e+06	6.845218991e+06	-2.285967688e+08	2.736629312e+08	1.735225018e+08	3.331445923e+08	9.533503196e+00	2.116827147e+01	-7.748241846e+02	-7.204262009e+02	-4.759461757e+02	-3.715530542e+02
835000.000	7.589711050e+06	6.951419678e+06	-2.324447794e+08	2.700315961e+08	1.711255371e+08	3.312535146e+08	9.404614592e+00	2.131170139e+01	-7.643489160e+02	-7.320832973e+02	-4.828495092e+02	-3.849172424e+02
840000.000	7.636407131e+06	7.058332954e+06	-2.362399481e+08	2.663423462e+08	1.686939060e+08	3.292950183e+08	9.273438313e+00	2.145330089e+01	-7.536877192e+02	-7.435916294e+02	-4.898132538e+02	-3.985223992e+02
845000.000	7.682441663e+06	7.165949569e+06	-2.399813502e+08	2.625959332e+08	1.662272988e+08	3.272678692e+08	9.139999833e+00	2.159302987e+01	-7.428426647e+02	-7.549479366e+02	-4.968404911e+02	-4.123804131e+02
850000.000	7.727803402e+06	7.274260069e+06	-2.436680718e+08	2.587931256e+08	1.637253900e+08	3.251707717e+08	9.004325433e+00	2.173084853e+01	-7.318158885e+02	-7.661489847e+02	-5.039344378e+02	-4.265039466e+02
855000.000	7.772481236e+06	7.383254805e+06	-2.472992099e+08	2.549347075e+08	1.611878376e+08	3.230023647e+08	8.866442200e+00	2.186671741e+01	-7.206095920e+02	-7.771915675e+02	-5.110984555e+02	-4.409065055e+02
860000.000	7.816464189e+06	7.492923929e+06	-2.508738723e+08	2.510214793e+08	1.586142828e+08	3.207612176e+08	8.726378020e+00	2.200059744e+01	-7.092260416e+02	-7.880725087e+02	-5.183360614e+02	-4.556025165e+02
865000.000	7.859741429e+06	7.603257400e+06	-2.543911787e+08	2.470542571e+08	1.560043483e+08	3.184458248e+08	8.584161579e+00	2.213244992e+01	-6.976675687e+02	-7.987886627e+02	-5.256509396e+02	-4.706074128e+02
870000.000	7.902302267e+06	7.714244985e+06	-2.578502605e+08	2.430338725e+08	1.533576382e+08	3.160546012e+08	8.439822354e+00	2.226223655e+01	-6.859365691e+02	-8.093369169e+02	-5.330469530e+02	-4.859377302e+02
875000.000	7.944136165e+06	7.825876259e+06	-2.612502610e+08	2.389611728e+08	1.506737367e+08	3.135858757e+08	8.293390612e+00	2.238991944e+01	-6.740355027e+02	-8.197141930e+02	-5.405281571e+02	-5.016112145e+02
880000.000	7.985232737e+06	7.938140610e+06	-2.645903363e+08	2.348370206e+08	1.479522075e+08	3.110378854e+08	8.144897403e+00	2.251546117e+01	-6.619668929e+02	-8.299174482e+02	-5.480988137e+02	-5.176469422e+02
885000.000	8.025581756e+06	8.051027240e+06	-2.678696550e+08	2.306622934e+08	1.451925921e+08	3.084087683e+08	7.994374553e+00	2.263882475e+01	-6.497333265e+02	-8.399436775e+02	-5.557634067e+02	-5.340654556e+02
890000.000	8.065173155e+06	8.164525167e+06	-2.710873990e+08	2.264378838e+08	1.423944090e+08	3.056965560e+08	7.841854660e+00	2.275997370e+01	-6.373374528e+02	-8.497899145e+02	-5.635266584e+02	-5.508889168e+02
895000.000	8.103997030e+06	8.278623226e+06	-2.742427635e+08	2.221646991e+08	1.395571528e+08	3.028991644e+08	7.687371086e+00	2.287887200e+01	-6.247819832e+02	-8.594532334e+02	-5.713935476e+02	-5.681412797e+02
900000.000	8.142043649e+06	8.393310077e+06	-2.773349575e+08	2.178436612e+08	1.366802921e+08	3.000143852e+08	7.530957947e+00	2.299548418e+01	-6.120696905e+02	-8.689307504e+02	-5.793693289e+02	-5.858484871e+02
905000.000	8.179303452e+06	8.508574200e+06	-2.803632038e+08	2.134757060e+08	1.337632688e+08	2.970398747e+08	7.372650109e+00	2.310977529e+01	-5.992034084e+02	-8.782196252e+02	-5.874595534e+02	-6.040386941e+02
910000.000	8.215767052e+06	8.624403904e+06	-2.833267397e+08	2.090617840e+08	1.308054960e+08	2.939731424e+08	7.212483177e+00	2.322171094e+01	-5.861860306e+02	-8.873170626e+02	-5.956700913e+02	-6.227425228e+02
915000.000	8.251425245e+06	8.740787327e+06	-2.862248172e+08	2.046028591e+08	1.278063570e+08	2.908115380e+08	7.050493486e+00	2.333125731e+01	-5.730205103e+02	-8.962203141e+02	-6.040071557e+02	-6.419933551e+02
920000.000	8.286269011e+06	8.857712439e+06	-2.890567029e+08	2.000999090e+08	1.247652027e+08	2.875522366e+08	6.886718091e+00	2.343838117e+01	-5.597098590e+02	-9.049266790e+02	-6.124773285e+02	-6.618276688e+02
925000.000	8.320289513e+06	8.975167047e+06	-2.918216790e+08	1.955539248e+08	1.216813502e+08	2.841922224e+08	6.721194759e+00	2.354304991e+01	-5.462571462e+02	-9.134335064e+02	-6.210875877e+02	-6.822854249e+02
930000.000	8.353478109e+06	9.093138793e+06	-2.945190428e+08	1.909659108e+08	1.185540810e+08	2.807282704e+08	6.553961954e+00	2.364523153e+01	-5.326654980e+02	-9.217381965e+02	-6.298453360e+02	-7.034105178e+02
935000.000	8.385826349e+06	9.211615165e+06	-2.971481077e+08	1.863368840e+08	1.153826380e+08	2.771569247e+08	6.385058830e+00	2.374489469e+01	-5.189380965e+02	-9.298382017e+02	-6.387584318e+02	-7.252512972e+02
940000.000	8.417325980e+06	9.330583491e+06	-2.997082029e+08	1.816678741e+08	1.121662239e+08	2.734744759e+08	6.214525214e+00	2.384200870e+01	-5.050781788e+02	-9.377310285e+02	-6.478352201e+02	-7.478611799e+02
945000.000	8.447968951e+06	9.450030953e+06	-3.021986741e+08	1.769599231e+08	1.089039982e+08	2.696769328e+08	6.042401599e+00	2.393654358e+01	-4.910890358e+02	-9.454142389e+02	-6.570845645e+02	-7.712993667e+02
950000.000	8.477747414e+06	9.569944580e+06	-3.046188835e+08	1.722140850e+08	1.055950750e+08	2.657599924e+08	5.868729128e+00	2.402847002e+01	-4.769740113e+02	-9.528854515e+02	-6.665158794e+02	-7.956316890e+02
955000.000	8.506653730e+06	9.690311258e+06	-3.069682101e+08	1.674314258e+08	1.022385195e+08	2.617190037e+08	5.693549580e+00	2.411775944e+01	-4.627365010e+02	-9.601423429e+02	-6.761391595e+02	-8.209316131e+02
960000.000	8.534680469e+06	9.811117733e+06	-3.092460501e+08	1.626130226e+08	9.883334581e+07	2.575489270e+08	5.516905358e+00	2.420438397e+01	-4.483799510e+02	-9.671826494e+02	-6.859650073e+02	-8.472814377e+02
965000.000	8.561820414e+06	9.932350611e+06	-3.114518170e+08	1.577599639e+08	9.537851317e+07	2.532442859e+08	5.338839473e+00	2.428831652e+01	-4.339078570e+02	-9.740041680e+02	-6.960046530e+02	-8.747737323e+02
970000.000	8.588066567e+06	1.005399637e+07	-3.135849420e+08	1.528733491e+08	9.187292321e+07	2.487991120e+08	5.159395528e+00	2.436953074e+01	-4.193237628e+02	-9.806047578e+02	-7.062699647e+02	-9.035130729e+02
975000.000	8.613412147e+06	1.017604135e+07	-3.156448740e+08	1.479542880e+08	8.831541661e+07	2.442068799e+08	4.978617705e+00	2.444800108e+01	-4.046312593e+02	-9.869823412e+02	-7.167734417e+02	-9.336181549e+02
980000.000	8.637850595e+06	1.029847176e+07	-3.176310800e+08	1.430039008e+08	8.470477005e+07	2.394604297e+08	4.796550746e+00	2.452370275e+01	-3.898339828e+02	-9.931349054e+02	-7.275281824e+02	-9.652243815e+02
985000.000	8.661375581e+06	1.042127372e+07	-3.195430453e+08	1.380233173e+08	8.103969333e+07	2.345518766e+08	4.613239941e+00	2.459661182e+01	-3.749356141e+02	-9.990605031e+02	-7.385478126e+02	-9.984870603e+02
990000.000	8.683980998e+06	1.054443319e+07	-3.213802738e+08	1.330136771e+08	7.731882708e+07	2.294725013e+08	4.428731104e+00	2.466670513e+01	-3.599398769e+02	-1.004757254e+03	-7.498463546e+02	-1.033585388e+03
995000.000	8.705660972e+06	1.066793604e+07	-3.231422881e+08	1.279761292e+08	7.354074126e+07	2.242126184e+08	4.243070563e+00	2.473396040e+01	-3.448505362e+02	-1.010223347e+03	-7.614380082e+02	-1.070727461e+03
1000000.000	8.726409862e+06	1.079176803e+07	-3.248286295e+08	1.229118310e+08	6.970393507e+07	2.187614172e+08	4.056305136e+00	2.479835619e+01	-3.296713973e+02	-1.015457038e+03	-7.733367962e+02	-1.110156645e+03
1005000.000	8.746222261e+06	1.091591480e+07	-3.264388588e+08	1.178219489e+08	6.580683917e+07	2.131067651e+08	3.868482118e+00	2.485987191e+01	-3.144063038e+02	-1.020456655e+03	-7.855560073e+02	-1.152159755e+03
1010000.000	8.765093000e+06	1.104036191e+07	-3.279725558e+08	1.127076573e+08	6.184782132e+07	2.072349653e+08	3.679649257e+00	2.491848786e+01	-2.990591366e+02	-1.025220597e+03	-7.981073280e+02	-1.197077708e+03
1015000.000	8.783017151e+06	1.116509482e+07	-3.294293199e+08	1.075701383e+08	5.782519754e+07	2.011304530e+08	3.489854739e+00	2.497418523e+01	-2.836338119e+02	-1.029747335e+03	-8.109994955e+02	-1.245319563e+03
1020000.000	8.799990026e+06	1.129009887e+07	-3.308087702e+08	1.024105817e+08	5.373725169e+07	1.947754094e+08	3.299147166e+00	2.502694612e+01	-2.681342797e+02	-1.034035414e+03	-8.242362017e+02	-1.297381325e+03
1025000.000	8.816007182e+06	1.141535935e+07	-3.321105456e+08	9.723018421e+07	4.958226829e+07	1.881492671e+08	3.107575538e+00	2.507675352e+01	-2.525645225e+02	-1.038083451e+03	-8.378128066e+02	-1.353871542e+03
1030000.000	8.831064423e+06	1.154086146e+07	-3.333343051e+08	9.203014940e+07	4.535858625e+07	1.812280631e+08	2.915189231e+00	2.512359135e+01	-2.369285532e+02	-1.041890141e+03	-8.517111239e+02	-1.415546827e+03
1035000.000	8.845157800e+06	1.166659029e+07	-3.344797275e+08	8.681168710e+07	4.106468585e+07	1.739835802e+08	2.722037978e+00	2.516744449e+01	-2.212304138e+02	-1.045454252e+03	-8.658910082e+02	-1.483362193e+03
1040000.000	8.858283612e+06	1.179253090e+07	-3.355465124e+08	8.157601311e+07	3.669933031e+07	1.663821842e+08	2.528171845e+00	2.520829872e+01	-2.054741734e+02	-1.048774632e+03	-8.802764974e+02	-1.558544159e+03
1045000.000	8.870438411e+06	1.191866826e+07	-3.365343793e+08	7.632434880e+07	3.226179820e+07	1.583832122e+08	2.333641216e+00	2.524614080e+01	-1.896639268e+02	-1.051850202e+03	-8.947323724e+02	-1.642699891e+03
1050000.000	8.881619001e+06	1.204498727e+07	-3.374430685e+08	7.105792077e+07	2.775227235e+07	1.499366798e+08	2.138496763e+00	2.528095845e+01	-1.738037924e+02	-1.054679965e+03	-9.090232099e+02	-1.737985550e+03
1055000.000	8.891822440e+06	1.217147279e+07	-3.382723409e+08	6.577796037e+07	2.317250787e+07	1.409799172e+08	1.942789432e+00	2.531274034e+01	-1.578979108e+02	-1.057263001e+03	-9.227389473e+02	-1.847376022e+03
1060000.000	8.901046042e+06	1.229810960e+07	-3.390219783e+08	6.048570338e+07	1.852702111e+07	1.314324458e+08	1.746570416e+00	2.534147613e+01	-1.419504426e+02	-1.059598468e+03	-9.351527646e+02	-1.975117238e+03
1065000.000	8.909287377e+06	1.242488245e+07	-3.396917830e+08	5.518238957e+07	1.382530652e+07	1.211878193e+08	1.549891136e+00	2.536715646e+01	-1.259655670e+02	-1.061685607e+03	-9.449325359e+02	-2.127527850e+03
1070000.000	8.916544273e+06	1.255177606e+07	-3.402815786e+08	4.986926233e+07	9.086231028e+06	1.100998810e+08	1.352803215e+00	2.538977296e+01	-1.099474796e+02	-1.063523736e+03	-9.495071686e+02	-2.314521243e+03
1075000.000	8.922814815e+06	1.267877506e+07	-3.407912095e+08	4.454756823e+07	4.347486475e+06	9.795791392e+07	1.155358459e+00	2.540931824e+01	-9.390039079e+01	-1.065112255e+03	-9.435240442e+02	-2.552760325e+03
1080000.000	8.928097349e+06	1.280586411e+07	-3.412205412e+08	3.921855666e+07	-3.116488293e+05	8.443727534e+07	9.576088318e-01	2.542578591e+01	-7.782852400e+01	-1.066450646e+03	-9.145248205e+02	-2.873001367e+03
1085000.000	8.932390482e+06	1.293302779e+07	-3.415694605e+08	3.388347939e+07	-4.705692723e+06	6.898773148e+07	7.596064338e-01	2.543917060e+01	-6.173611353e+01	-1.067538471e+03	-8.280532834e+02	-3.340156679e+03
1090000.000	8.935693079e+06	1.306025067e+07	-3.418378752e+08	2.854359016e+07	-8.304073042e+06	5.052821405e+07	5.614034768e-01	2.544946794e+01	-4.562740288e+01	-1.068375374e+03	-5.560806204e+02	-4.122178903e+03
1095000.000	8.938004269e+06	1.318751731e+07	-3.420257144e+08	2.320014431e+07	-8.762232273e+06	2.636902092e+07	3.630522626e-01	2.545667454e+01	-2.950664279e+01	-1.068961083e+03	7.836895503e+02	-5.775971886e+03
1100000.000	8.939323442e+06	1.331481226e+07	-3.421329286e+08	1.785439832e+07	1.331292736e+07	3.223611146e+05	1.646051587e-01	2.546078806e+01	-1.337808938e+01	-1.069295404e+03	7.436805917e+03	-9.483137645e+02
