0	0	1.41421
0.005	0.00707104	1.4142
0.055	0.0777425	1.41208
0.105	0.14822	1.40644
0.155	0.218329	1.39733
0.205	0.287896	1.38481
0.255	0.356754	1.36897
0.305	0.424739	1.34992
0.355	0.491695	1.32781
0.405	0.557471	1.30276
0.455	0.621925	1.27496
0.505	0.684924	1.24456
0.555	0.746341	1.21176
0.605	0.806062	1.17673
0.655	0.86398	1.13966
0.705	0.919998	1.10075
0.755	0.974027	1.06016
0.805	1.02599	1.01809
0.855	1.07581	0.974696
0.905	1.12344	0.930144
0.955	1.16881	0.884585
1.005	1.21188	0.83816
1.055	1.25262	0.790999
1.105	1.29097	0.743217
1.155	1.32693	0.694921
1.205	1.36046	0.646205
1.255	1.39154	0.597151
1.305	1.42017	0.547829
1.355	1.44632	0.498302
1.405	1.47	0.448618
1.455	1.49118	0.398822
1.505	1.50988	0.348945
1.555	1.52608	0.299015
1.605	1.53978	0.249051
1.655	1.55098	0.199067
1.705	1.55968	0.149073
1.755	1.56589	0.0990744
1.805	1.56959	0.0490747
1.855	1.5708	-0.000925323
1.905	1.5695	-0.0509253
1.955	1.5657	-0.100925
2.005	1.55941	-0.150923
2.055	1.55061	-0.200917
2.105	1.53932	-0.2509
2.155	1.52552	-0.300864
2.205	1.50923	-0.350792
2.255	1.49044	-0.400666
2.305	1.46916	-0.45046
2.355	1.4454	-0.500138
2.405	1.41915	-0.549659
2.455	1.39044	-0.598972
2.505	1.35926	-0.648015
2.555	1.32564	-0.696717
2.605	1.2896	-0.744995
2.655	1.25115	-0.792756
2.705	1.21033	-0.839893
2.755	1.16717	-0.886288
2.805	1.12172	-0.931812
2.855	1.07401	-0.976324
2.905	1.0241	-1.01967
2.955	0.972064	-1.06169
3.005	0.917959	-1.10222
3.055	0.86187	-1.14107
3.105	0.803883	-1.17806
3.155	0.744097	-1.21301
3.205	0.682619	-1.24573
3.255	0.619565	-1.27603
3.305	0.555059	-1.30374
3.355	0.489237	-1.32868
3.405	0.42224	-1.35068
3.455	0.35422	-1.36961
3.505	0.285333	-1.38533
3.555	0.215742	-1.39773
3.605	0.145617	-1.40671
3.655	0.0751292	-1.41222
3.705	0.00445385	-1.41421
3.755	-0.0662326	-1.41266
3.805	-0.136754	-1.4076
3.855	-0.206934	-1.39905
3.905	-0.276601	-1.38708
3.955	-0.345586	-1.37177
4.005	-0.413725	-1.35324
4.055	-0.480859	-1.33161
4.105	-0.546837	-1.30704
4.155	-0.611516	-1.27967
4.205	-0.67476	-1.24969
4.255	-0.736444	-1.21726
4.305	-0.796449	-1.18258
4.355	-0.854667	-1.14584
4.405	-0.911001	-1.10721
4.455	-0.96536	-1.06688
4.505	-1.01766	-1.02504
4.555	-1.06784	-0.981852
4.605	-1.11583	-0.937478
4.655	-1.16157	-0.892074
4.705	-1.20502	-0.845781
4.755	-1.24614	-0.798731
4.805	-1.28488	-0.751042
4.855	-1.32123	-0.702824
4.905	-1.35516	-0.65417
4.955	-1.38664	-0.605166
5.005	-1.41567	-0.555884
5.055	-1.44223	-0.506386
5.105	-1.46631	-0.456725
5.155	-1.4879	-0.406944
5.205	-1.507	-0.357079
5.255	-1.52361	-0.307156
5.305	-1.53772	-0.257196
5.355	-1.54933	-0.207214
5.405	-1.55844	-0.157222
5.455	-1.56505	-0.107224
5.505	-1.56916	-0.057224
5.555	-1.57077	-0.00722403
5.605	-1.56988	0.042776
5.655	-1.56649	0.0927758
5.705	-1.5606	0.142774
5.755	-1.55222	0.192769
5.805	-1.54133	0.242755
5.855	-1.52794	0.292722
5.905	-1.51206	0.342658
5.955	-1.49368	0.392542
6.005	-1.4728	0.442351
6.055	-1.44944	0.49205
6.105	-1.4236	0.5416
6.155	-1.39529	0.590951
6.205	-1.36451	0.640043
6.255	-1.33129	0.688806
6.305	-1.29564	0.737159
6.355	-1.25758	0.785011
6.405	-1.21714	0.832257
6.455	-1.17437	0.878782
6.505	-1.12928	0.924457
6.555	-1.08194	0.969144
6.605	-1.03238	1.01269
6.655	-0.980688	1.05494
6.705	-0.926915	1.09572
6.755	-0.871143	1.13486
6.805	-0.81346	1.17217
6.855	-0.75396	1.20746
6.905	-0.69275	1.24056
6.955	-0.629944	1.27127
7.005	-0.565666	1.29941
7.055	-0.500049	1.32481
7.105	-0.433234	1.3473
7.155	-0.36537	1.36674
7.205	-0.296613	1.38299
7.255	-0.227126	1.39594
7.305	-0.157076	1.40548
7.355	-0.0866352	1.41156
7.405	-0.0159784	1.41412
7.455	0.0547182	1.41315
7.505	0.125278	1.40866
7.555	0.195526	1.40068
7.605	0.265289	1.38926
7.655	0.334396	1.37449
7.705	0.402683	1.35648
7.755	0.469991	1.33534
7.805	0.536168	1.31124
7.855	0.601068	1.28431
7.905	0.664555	1.25474
7.955	0.726502	1.2227
8.005	0.786788	1.18838
8.055	0.845305	1.15196
8.105	0.901952	1.11362
8.155	0.956638	1.07356
8.205	1.00928	1.03196
8.255	1.05981	0.988976
8.305	1.10816	0.944785
8.355	1.15427	0.899538
8.405	1.1981	0.853381
8.455	1.2396	0.806446
8.505	1.27873	0.758854
8.555	1.31547	0.710715
8.605	1.3498	0.662126
8.655	1.38168	0.613174
8.705	1.41111	0.563932
8.755	1.43807	0.514466
8.805	1.46255	0.464828
8.855	1.48455	0.415064
8.905	1.50406	0.365211
8.955	1.52107	0.315295
9.005	1.53559	0.26534
9.055	1.5476	0.215362
9.105	1.55712	0.16537
9.155	1.56414	0.115373
9.205	1.56866	0.0653734
9.255	1.57068	0.0153734
9.305	1.5702	-0.0346266
9.355	1.56722	-0.0846265
9.405	1.56173	-0.134626
9.455	1.55375	-0.184621
9.505	1.54327	-0.234609
9.555	1.53029	-0.28458
9.605	1.51481	-0.334522
9.655	1.49684	-0.384416
9.705	1.47637	-0.434239
9.755	1.45342	-0.483959
9.805	1.42798	-0.533537
9.855	1.40007	-0.582923
9.905	1.36969	-0.632062
9.955	1.33687	-0.680884
10.005	1.30161	-0.72931
10.055	1.26394	-0.77725
10.105	1.2239	-0.824603
10.155	1.1815	-0.871253
10.205	1.13678	-0.917076
10.255	1.0898	-0.961934
10.305	1.04061	-1.00568
10.355	0.989258	-1.04815
10.405	0.935818	-1.08918
10.455	0.880366	-1.1286
10.505	0.822988	-1.16622
10.555	0.763777	-1.20186
10.605	0.702839	-1.23532
10.655	0.640284	-1.26643
10.705	0.576238	-1.295
10.755	0.510829	-1.32086
10.805	0.444199	-1.34384
10.855	0.376496	-1.36379
10.905	0.307873	-1.38057
10.955	0.238494	-1.39406
11.005	0.168524	-1.40416
11.055	0.0981355	-1.41081
11.105	0.027502	-1.41395
11.155	-0.0432002	-1.41355
11.205	-0.113795	-1.40963
11.255	-0.184105	-1.40221
11.305	-0.253958	-1.39135
11.355	-0.323184	-1.37712
11.405	-0.391616	-1.35963
11.455	-0.459094	-1.339
11.505	-0.525466	-1.31536
11.555	-0.590583	-1.28889
11.605	-0.65431	-1.25974
11.655	-0.716515	-1.22809
11.705	-0.77708	-1.19412
11.755	-0.835892	-1.15803
11.805	-0.89285	-1.12
11.855	-0.947862	-1.0802
11.905	-1.00084	-1.03884
11.955	-1.05172	-0.996068
12.005	-1.10043	-0.952063
12.055	-1.14691	-0.906978
12.105	-1.19111	-0.86096
12.155	-1.23299	-0.814143
12.205	-1.27252	-0.766651
12.255	-1.30965	-0.718594
12.305	-1.34437	-0.670073
12.355	-1.37665	-0.621174
12.405	-1.40648	-0.571975
12.455	-1.43384	-0.522541
12.505	-1.45873	-0.472928
12.555	-1.48113	-0.423182
12.605	-1.50105	-0.373341
12.655	-1.51847	-0.323434
12.705	-1.53339	-0.273484
12.755	-1.54582	-0.223509
12.805	-1.55574	-0.173519
12.855	-1.56317	-0.123522
12.905	-1.56809	-0.0735227
12.955	-1.57052	-0.0235227
13.005	-1.57045	0.0264773
13.055	-1.56787	0.0764772
13.105	-1.5628	0.126476
13.155	-1.55522	0.176473
13.205	-1.54515	0.226462
13.255	-1.53258	0.276437
13.305	-1.51751	0.326385
13.355	-1.49994	0.376288
13.405	-1.47988	0.426125
13.455	-1.45733	0.475864
13.505	-1.4323	0.525468
13.555	-1.40479	0.574889
13.605	-1.37481	0.624072
13.655	-1.34238	0.672951
13.705	-1.30752	0.721448
13.755	-1.27025	0.769474
13.805	-1.23058	0.81693
13.855	-1.18857	0.863703
13.905	-1.14423	0.90967
13.955	-1.09761	0.954695
14.005	-1.04878	0.998631
14.055	-0.997772	1.04132
14.105	-0.944667	1.0826
14.155	-0.889538	1.12229
14.205	-0.832467	1.16022
14.255	-0.773549	1.19619
14.305	-0.712884	1.23002
14.355	-0.650585	1.26153
14.405	-0.586773	1.29053
14.455	-0.521577	1.31684
14.505	-0.455136	1.3403
14.555	-0.387597	1.36075
14.605	-0.319114	1.37805
14.655	-0.249847	1.39209
14.705	-0.179962	1.40275
14.755	-0.109629	1.40996
14.805	-0.0390237	1.41368
14.855	0.0316794	1.41386
14.905	0.102303	1.41051
14.955	0.172672	1.40366
15.005	0.242612	1.39335
15.055	0.311951	1.37966
15.105	0.380523	1.3627
15.155	0.448168	1.34257
15.205	0.51473	1.31941
15.255	0.580061	1.29339
15.305	0.644024	1.26466
15.355	0.706485	1.23341
15.405	0.767325	1.19981
15.455	0.82643	1.16405
15.505	0.883697	1.12632
15.555	0.939032	1.0868
15.605	0.992351	1.04568
15.655	1.04358	1.00313
15.705	1.09264	0.959313
15.755	1.13949	0.914394
15.805	1.18407	0.868519
15.855	1.22633	0.821823
15.905	1.26624	0.774433
15.955	1.30376	0.726461
16.005	1.33887	0.678009
16.055	1.37156	0.629166
16.105	1.40179	0.580011
16.155	1.42955	0.530612
16.205	1.45484	0.481025
16.255	1.47765	0.431298
16.305	1.49797	0.38147
16.355	1.5158	0.331572
16.405	1.53113	0.281628
16.455	1.54396	0.231655
16.505	1.55429	0.181667
16.555	1.56213	0.131671
16.605	1.56746	0.081672
16.655	1.57029	0.0316721
16.705	1.57063	-0.0183279
16.755	1.56846	-0.0683279
16.805	1.5638	-0.118327
16.855	1.55663	-0.168325
16.905	1.54696	-0.218316
16.955	1.5348	-0.268293
17.005	1.52013	-0.318246
17.055	1.50297	-0.368158
17.105	1.48332	-0.418008
17.155	1.46117	-0.467765
17.205	1.43655	-0.517394
17.255	1.40944	-0.566849
17.305	1.37986	-0.616075
17.355	1.34784	-0.665008
17.405	1.31337	-0.713573
17.455	1.27649	-0.761682
17.505	1.23721	-0.809238
17.555	1.19557	-0.856131
17.605	1.15161	-0.902238
17.655	1.10536	-0.947427
17.705	1.05689	-0.991551
17.755	1.00623	-1.03446
17.805	0.953463	-1.07598
17.855	0.898658	-1.11594
17.905	0.841898	-1.15416
17.955	0.783274	-1.19047
18.005	0.722886	-1.22466
18.055	0.660846	-1.25656
18.105	0.597271	-1.28598
18.155	0.532292	-1.31274
18.205	0.466044	-1.33668
18.255	0.398674	-1.35763
18.305	0.330334	-1.37545
18.355	0.261183	-1.39003
18.405	0.191387	-1.40124
18.455	0.121116	-1.40902
18.505	0.0505428	-1.41331
18.555	-0.0201564	-1.41407
18.605	-0.0908053	-1.4113
18.655	-0.161228	-1.40501
18.705	-0.231249	-1.39526
18.755	-0.300697	-1.38212
18.805	-0.369406	-1.36568
18.855	-0.437212	-1.34606
18.905	-0.503961	-1.32339
18.955	-0.569503	-1.29782
19.005	-0.633698	-1.26952
19.055	-0.696413	-1.23867
19.105	-0.757525	-1.20544
19.155	-0.81692	-1.17002
19.205	-0.874493	-1.1326
19.255	-0.930149	-1.09336
19.305	-0.983801	-1.05248
19.355	-1.03537	-1.01015
19.405	-1.0848	-0.966534
19.455	-1.13201	-0.921784
19.505	-1.17696	-0.876055
19.555	-1.2196	-0.829484
19.605	-1.25989	-0.782199
19.655	-1.29781	-0.734315
19.705	-1.33332	-0.685935
19.755	-1.3664	-0.63715
19.805	-1.39703	-0.588041
19.855	-1.4252	-0.538677
19.905	-1.45089	-0.489117
19.955	-1.47411	-0.43941
20.005	-1.49483	-0.389597
20.055	-1.51306	-0.339708
20.105	-1.5288	-0.28977
20.155	-1.54204	-0.239802
20.205	-1.55278	-0.189815
20.255	-1.56102	-0.13982
20.305	-1.56676	-0.0898213
20.355	-1.57	-0.0398214
20.405	-1.57074	0.0101785
20.455	-1.56899	0.0601785
20.505	-1.56473	0.110178
20.555	-1.55797	0.160176
20.605	-1.54871	0.210168
20.655	-1.53695	0.260149
20.705	-1.52269	0.310107
20.755	-1.50594	0.360027
20.805	-1.48669	0.409888
20.855	-1.46495	0.459663
20.905	-1.44073	0.509316
20.955	-1.41402	0.558802
21.005	-1.38485	0.60807
21.055	-1.35322	0.657056
21.105	-1.31915	0.705686
21.155	-1.28266	0.753876
21.205	-1.24377	0.80153
21.255	-1.20252	0.848538
21.305	-1.15893	0.894783
21.355	-1.11306	0.94013
21.405	-1.06494	0.984438
21.455	-1.01463	1.02755
21.505	-0.962204	1.06931
21.555	-0.907726	1.10954
21.605	-0.851279	1.14806
21.655	-0.792952	1.18469
21.705	-0.732844	1.21924
21.755	-0.671065	1.25153
21.805	-0.607732	1.28136
21.855	-0.542973	1.30857
21.905	-0.476922	1.33298
21.955	-0.409725	1.35442
22.005	-0.341532	1.37277
22.055	-0.272502	1.38788
22.105	-0.2028	1.39965
22.155	-0.132594	1.40799
22.205	-0.0620586	1.41285
22.255	0.00863213	1.41419
22.305	0.0793013	1.41199
22.355	0.149772	1.40628
22.405	0.219871	1.39709
22.455	0.289424	1.38449
22.505	0.358265	1.36858
22.555	0.426229	1.34947
22.605	0.49316	1.32728
22.655	0.558909	1.30218
22.705	0.623332	1.27431
22.755	0.686297	1.24386
22.805	0.747678	1.21101
22.855	0.807361	1.17593
22.905	0.865238	1.13882
22.955	0.921212	1.09987
23.005	0.975197	1.05925
23.055	1.02711	1.01715
23.105	1.07689	0.973724
23.155	1.12447	0.929149
23.205	1.16979	0.883569
23.255	1.21281	0.837127
23.305	1.25349	0.78995
23.355	1.29179	0.742156
23.405	1.3277	0.69385
23.455	1.36117	0.645126
23.505	1.3922	0.596065
23.555	1.42077	0.546738
23.605	1.44687	0.497206
23.655	1.47049	0.44752
23.705	1.49162	0.397721
23.755	1.51026	0.347843
23.805	1.52641	0.297912
23.855	1.54005	0.247947
23.905	1.5512	0.197963
23.955	1.55985	0.147969
24.005	1.566	0.0979706
24.055	1.56965	0.0479708
24.105	1.57079	-0.0020292
24.155	1.56944	-0.0520292
24.205	1.56559	-0.102029
24.255	1.55924	-0.152027
24.305	1.55039	-0.202021
24.355	1.53904	-0.252004
24.405	1.52519	-0.301966
24.455	1.50884	-0.351894
24.505	1.49	-0.401767
24.555	1.46867	-0.451558
24.605	1.44485	-0.501233
24.655	1.41855	-0.55075
24.705	1.38977	-0.600057
24.755	1.35854	-0.649094
24.805	1.32487	-0.697788
24.855	1.28877	-0.746056
24.905	1.25027	-0.793804
24.955	1.2094	-0.840925
25.005	1.16619	-0.887303
25.055	1.12069	-0.932806
25.105	1.07293	-0.977294
25.155	1.02298	-1.02061
25.205	0.970891	-1.0626
25.255	0.916742	-1.10309
25.305	0.86061	-1.14191
25.355	0.802582	-1.17886
25.405	0.742758	-1.21376
25.455	0.681244	-1.24643
25.505	0.618156	-1.27667
25.555	0.55362	-1.30432
25.605	0.48777	-1.3292
25.655	0.420749	-1.35114
25.705	0.352708	-1.36999
25.755	0.283803	-1.38564
25.805	0.214199	-1.39796
25.855	0.144064	-1.40687
25.905	0.0735702	-1.4123
25.955	0.00289275	-1.41421
26.005	-0.0677919	-1.41259
26.055	-0.138307	-1.40745
26.105	-0.208478	-1.39882
26.155	-0.278132	-1.38677
26.205	-0.3471	-1.3714
26.255	-0.415218	-1.3528
26.305	-0.482328	-1.3311
26.355	-0.548279	-1.30646
26.405	-0.612928	-1.27904
26.455	-0.676139	-1.249
26.505	-0.737787	-1.21652
26.555	-0.797754	-1.18179
26.605	-0.855932	-1.145
26.655	-0.912223	-1.10634
26.705	-0.966537	-1.06598
26.755	-1.0188	-1.0241
26.805	-1.06892	-0.980884
26.855	-1.11686	-0.936486
26.905	-1.16256	-0.891061
26.955	-1.20596	-0.84475
27.005	-1.24702	-0.797684
27.055	-1.28571	-0.749983
27.105	-1.32201	-0.701754
27.155	-1.35588	-0.653092
27.205	-1.38731	-0.604081
27.255	-1.41628	-0.554793
27.305	-1.44279	-0.505291
27.355	-1.46681	-0.455627
27.405	-1.48835	-0.405844
27.455	-1.50739	-0.355977
27.505	-1.52394	-0.306053
27.555	-1.538	-0.256093
27.605	-1.54955	-0.206111
27.655	-1.55861	-0.156118
27.705	-1.56517	-0.10612
27.755	-1.56922	-0.0561201
27.805	-1.57078	-0.00612016
27.855	-1.56983	0.0438798
27.905	-1.56639	0.0938797
27.955	-1.56045	0.143878
28.005	-1.552	0.193873
28.055	-1.54106	0.243858
28.105	-1.52762	0.293825
28.155	-1.51168	0.34376
28.205	-1.49324	0.393643
28.255	-1.47231	0.443449
28.305	-1.4489	0.493146
28.355	-1.423	0.542692
28.405	-1.39463	0.592038
28.455	-1.3638	0.641123
28.505	-1.33053	0.689878
28.555	-1.29482	0.738221
28.605	-1.25671	0.786061
28.655	-1.21623	0.833293
28.705	-1.17339	0.8798
28.755	-1.12826	0.925455
28.805	-1.08087	0.970118
28.855	-1.03127	1.01364
28.905	-0.979523	1.05586
28.955	-0.925705	1.09661
29.005	-0.86989	1.1357
29.055	-0.812165	1.17297
29.105	-0.752627	1.20822
29.155	-0.69138	1.24126
29.205	-0.62854	1.27192
29.255	-0.564231	1.3
29.305	-0.498586	1.32534
29.355	-0.431746	1.34777
29.405	-0.363861	1.36714
29.455	-0.295086	1.38331
29.505	-0.225584	1.39618
29.555	-0.155524	1.40565
29.605	-0.085077	1.41165
29.655	-0.0144174	1.41414
29.705	0.0562781	1.41309
29.755	0.126833	1.40852
29.805	0.197072	1.40046
29.855	0.266822	1.38897
29.905	0.335913	1.37412
29.955	0.40418	1.35604
30.005	0.471465	1.33484
30.055	0.537615	1.31067
30.105	0.602486	1.28369
30.155	0.66594	1.25406
30.205	0.727851	1.22197
30.255	0.788099	1.1876
30.305	0.846576	1.15113
30.355	0.903181	1.11276
30.405	0.957823	1.07266
30.455	1.01042	1.03102
30.505	1.0609	0.988013
30.555	1.1092	0.943797
30.605	1.15526	0.898528
30.655	1.19904	0.852352
30.705	1.24049	0.805402
30.755	1.27957	0.757797
30.805	1.31626	0.709647
30.855	1.35053	0.661049
30.905	1.38236	0.61209
30.955	1.41173	0.562842
31.005	1.43864	0.513372
31.055	1.46306	0.463731
31.105	1.48501	0.413965
31.155	1.50446	0.364109
31.205	1.52142	0.314193
31.255	1.53588	0.264237
31.305	1.54784	0.214258
31.355	1.5573	0.164267
31.405	1.56427	0.114269
31.455	1.56873	0.0642695
31.505	1.57069	0.0142695
31.555	1.57016	-0.0357305
31.605	1.56712	-0.0857304
31.655	1.56158	-0.135729
31.705	1.55355	-0.185725
31.755	1.54301	-0.235712
31.805	1.52998	-0.285683
31.855	1.51444	-0.335624
31.905	1.49642	-0.385517
31.955	1.47589	-0.435338
32.005	1.45288	-0.485055
32.055	1.42739	-0.534629
32.105	1.39942	-0.584011
32.155	1.36899	-0.633143
32.205	1.33612	-0.681957
32.255	1.30081	-0.730374
32.305	1.26309	-0.778302
32.355	1.22298	-0.825641
32.405	1.18053	-0.872274
32.455	1.13577	-0.918078
32.505	1.08874	-0.962913
32.555	1.0395	-1.00663
32.605	0.9881	-1.04907
32.655	0.934615	-1.09007
32.705	0.87912	-1.12945
32.755	0.8217	-1.16703
32.805	0.76245	-1.20262
32.855	0.701475	-1.23604
32.905	0.638886	-1.26709
32.955	0.574808	-1.29561
33.005	0.509371	-1.3214
33.055	0.442716	-1.34432
33.105	0.37499	-1.36419
33.155	0.306349	-1.3809
33.205	0.236955	-1.39432
33.255	0.166974	-1.40434
33.305	0.0965781	-1.41091
33.355	0.0259411	-1.41398
33.405	-0.0447606	-1.41351
33.455	-0.115351	-1.40951
33.505	-0.185653	-1.40201
33.555	-0.255494	-1.39107
33.605	-0.324704	-1.37677
33.655	-0.393117	-1.35921
33.705	-0.460572	-1.33851
33.755	-0.526917	-1.31481
33.805	-0.592006	-1.28827
33.855	-0.6557	-1.25906
33.905	-0.717871	-1.22736
33.955	-0.778398	-1.19335
34.005	-0.83717	-1.15721
34.055	-0.894086	-1.11913
34.105	-0.949054	-1.07931
34.155	-1.00199	-1.03791
34.205	-1.05282	-0.995109
34.255	-1.10148	-0.951079
34.305	-1.14791	-0.905972
34.355	-1.19206	-0.859935
34.405	-1.23389	-0.813102
34.455	-1.27336	-0.765596
34.505	-1.31044	-0.717528
34.555	-1.34511	-0.668997
34.605	-1.37734	-0.620091
34.655	-1.40711	-0.570886
34.705	-1.43442	-0.521448
34.755	-1.45925	-0.471831
34.805	-1.4816	-0.422083
34.855	-1.50146	-0.37224
34.905	-1.51882	-0.322332
34.955	-1.53369	-0.272381
35.005	-1.54606	-0.222405
35.055	-1.55593	-0.172415
35.105	-1.5633	-0.122418
35.155	-1.56817	-0.0724188
35.205	-1.57055	-0.0224189
35.255	-1.57042	0.0275811
35.305	-1.56779	0.0775811
35.355	-1.56266	0.12758
35.405	-1.55503	0.177577
35.455	-1.5449	0.227566
35.505	-1.53227	0.27754
35.555	-1.51715	0.327487
35.605	-1.49952	0.377389
35.655	-1.47941	0.427224
35.705	-1.4568	0.476961
35.755	-1.43172	0.526561
35.805	-1.40415	0.575978
35.855	-1.37412	0.625155
35.905	-1.34164	0.674026
35.955	-1.30673	0.722513
36.005	-1.2694	0.770528
36.055	-1.22968	0.81797
36.105	-1.18761	0.864727
36.155	-1.14322	0.910675
36.205	-1.09656	0.955677
36.255	-1.04767	0.999588
36.305	-0.996622	1.04225
36.355	-0.943472	1.0835
36.405	-0.888299	1.12315
36.455	-0.831186	1.16103
36.505	-0.772228	1.19696
36.555	-0.711526	1.23074
36.605	-0.649192	1.2622
36.655	-0.585348	1.29114
36.705	-0.520123	1.31739
36.755	-0.453657	1.34078
36.805	-0.386095	1.36117
36.855	-0.317592	1.3784
36.905	-0.24831	1.39236
36.955	-0.178413	1.40294
37.005	-0.108073	1.41008
37.055	-0.0374631	1.41372
37.105	0.0332401	1.41382
37.155	0.10386	1.4104
37.205	0.174221	1.40347
37.255	0.24415	1.39309
37.305	0.313474	1.37932
37.355	0.382027	1.36229
37.405	0.44965	1.34209
37.455	0.516186	1.31887
37.505	0.581489	1.29278
37.555	0.645419	1.264
37.605	0.707847	1.23269
37.655	0.768649	1.19904
37.705	0.827715	1.16324
37.755	0.88494	1.12547
37.805	0.940232	1.08591
37.855	0.993505	1.04476
37.905	1.04468	1.00217
37.955	1.0937	0.958333
38.005	1.1405	0.913391
38.055	1.18502	0.867496
38.105	1.22723	0.820784
38.155	1.26709	0.77338
38.205	1.30456	0.725396
38.255	1.33962	0.676934
38.305	1.37225	0.628084
38.355	1.40243	0.578923
38.405	1.43014	0.529519
38.455	1.45537	0.479928
38.505	1.47813	0.430199
38.555	1.49839	0.380369
38.605	1.51616	0.33047
38.655	1.53144	0.280525
38.705	1.54422	0.230552
38.755	1.55449	0.180563
38.805	1.56227	0.130567
38.855	1.56755	0.0805681
38.905	1.57033	0.0305682
38.955	1.57061	-0.0194318
39.005	1.56839	-0.0694317
39.055	1.56366	-0.119431
39.105	1.55644	-0.169428
39.155	1.54672	-0.219419
39.205	1.5345	-0.269396
39.255	1.51978	-0.319349
39.305	1.50257	-0.36926
39.355	1.48286	-0.419107
39.405	1.46066	-0.468862
39.455	1.43597	-0.518488
39.505	1.40881	-0.567938
39.555	1.37918	-0.617159
39.605	1.3471	-0.666085
39.655	1.31258	-0.71464
39.705	1.27564	-0.762739
39.755	1.23632	-0.810281
39.805	1.19463	-0.857158
39.855	1.15061	-0.903246
39.905	1.10432	-0.948413
39.955	1.05579	-0.992512
40.005	1.00509	-1.03539
40.055	0.952275	-1.07688
40.105	0.897426	-1.1168
40.155	0.840623	-1.15499
40.205	0.781959	-1.19125
40.255	0.721534	-1.22539
40.305	0.659458	-1.25724
40.355	0.595851	-1.2866
40.405	0.530842	-1.3133
40.455	0.464568	-1.33717
40.505	0.397175	-1.35806
40.555	0.328815	-1.37581
40.605	0.259648	-1.39031
40.655	0.18984	-1.40145
40.705	0.11956	-1.40916
40.755	0.0489827	-1.41337
40.805	-0.0217174	-1.41405
40.855	-0.0923631	-1.4112
40.905	-0.162778	-1.40484
40.955	-0.232789	-1.39501
41.005	-0.302223	-1.38179
41.055	-0.370913	-1.36528
41.105	-0.438698	-1.34559
41.155	-0.505422	-1.32285
41.205	-0.570935	-1.29722
41.255	-0.635099	-1.26887
41.305	-0.697779	-1.23796
41.355	-0.758855	-1.20468
41.405	-0.818211	-1.16921
41.455	-0.875743	-1.13175
41.505	-0.931355	-1.09247
41.555	-0.984963	-1.05156
41.605	-1.03649	-1.0092
41.655	-1.08586	-0.965557
41.705	-1.13302	-0.920785
41.755	-1.17792	-0.875035
41.805	-1.22051	-0.828448
41.855	-1.26076	-0.781148
41.905	-1.29862	-0.733252
41.955	-1.33407	-0.684862
42.005	-1.3671	-0.636069
42.055	-1.39768	-0.586954
42.105	-1.42579	-0.537585
42.155	-1.45143	-0.488021
42.205	-1.47459	-0.438312
42.255	-1.49526	-0.388496
42.305	-1.51344	-0.338606
42.355	-1.52912	-0.288667
42.405	-1.5423	-0.238698
42.455	-1.55299	-0.188712
42.505	-1.56118	-0.138716
42.555	-1.56686	-0.0887174
42.605	-1.57005	-0.0387176
42.655	-1.57073	0.0112824
42.705	-1.56892	0.0612824
42.755	-1.5646	0.111282
42.805	-1.55779	0.16128
42.855	-1.54848	0.211272
42.905	-1.53666	0.261252
42.955	-1.52235	0.311209
43.005	-1.50554	0.361129
43.055	-1.48624	0.410988
43.105	-1.46445	0.460761
43.155	-1.44017	0.51041
43.205	-1.41341	0.559893
43.255	-1.38418	0.609155
43.305	-1.3525	0.658134
43.355	-1.31837	0.706755
43.405	-1.28183	0.754934
43.455	-1.24289	0.802575
43.505	-1.20158	0.849568
43.555	-1.15794	0.895794
43.605	-1.11202	0.94112
43.655	-1.06385	0.985404
43.705	-1.0135	1.02849
43.755	-0.961023	1.07022
43.805	-0.906501	1.11041
43.855	-0.850011	1.14889
43.905	-0.791643	1.18548
43.955	-0.731498	1.21998
44.005	-0.669683	1.25221
44.055	-0.606318	1.28199
44.105	-0.541528	1.30914
44.155	-0.475451	1.33348
44.205	-0.408229	1.35486
44.255	-0.340016	1.37313
44.305	-0.27097	1.38817
44.355	-0.201255	1.39987
44.405	-0.13104	1.40814
44.455	-0.0604989	1.41292
44.505	0.0101932	1.41418
44.555	0.0808599	1.4119
44.605	0.151325	1.40611
44.655	0.221413	1.39685
44.705	0.290952	1.38418
44.755	0.359775	1.36819
44.805	0.427718	1.34901
44.855	0.494625	1.32676
44.905	0.560346	1.30159
44.955	0.624738	1.27367
45.005	0.68767	1.24316
45.055	0.749015	1.21026
45.105	0.808658	1.17513
45.155	0.866494	1.13798
45.205	0.922426	1.09899
45.255	0.976366	1.05834
45.305	1.02823	1.0162
45.355	1.07796	0.972752
45.405	1.12549	0.928153
45.455	1.17076	0.882553
45.505	1.21373	0.836093
45.555	1.25436	0.788901
45.605	1.29261	0.741095
45.655	1.32846	0.692778
45.705	1.36188	0.644046
45.755	1.39286	0.594978
45.805	1.42138	0.545646
45.855	1.44742	0.496111
45.905	1.47098	0.446422
45.955	1.49206	0.396621
46.005	1.51065	0.346741
46.055	1.52673	0.296809
46.105	1.54033	0.246844
46.155	1.55142	0.19686
46.205	1.56001	0.146865
46.255	1.5661	0.0968667
46.305	1.5697	0.0468669
46.355	1.57079	-0.00313307
46.405	1.56938	-0.0531331
46.455	1.56548	-0.103133
46.505	1.55907	-0.153131
46.555	1.55017	-0.203124
46.605	1.53876	-0.253107
46.655	1.52485	-0.303069
46.705	1.50845	-0.352996
46.755	1.48956	-0.402867
46.805	1.46817	-0.452656
46.855	1.44429	-0.502328
46.905	1.41794	-0.551841
46.955	1.38911	-0.601143
47.005	1.35783	-0.650173
47.055	1.3241	-0.698858
47.105	1.28795	-0.747116
47.155	1.2494	-0.794851
47.205	1.20847	-0.841958
47.255	1.16521	-0.888317
47.305	1.11966	-0.9338
47.355	1.07185	-0.978263
47.405	1.02185	-1.02156
47.455	0.969718	-1.06352
47.505	0.915524	-1.10397
47.555	0.859349	-1.14274
47.605	0.801281	-1.17965
47.655	0.741418	-1.21451
47.705	0.679867	-1.24712
47.755	0.616746	-1.27731
47.805	0.552179	-1.3049
47.855	0.486302	-1.32971
47.905	0.419257	-1.35159
47.955	0.351195	-1.37037
48.005	0.282273	-1.38595
48.055	0.212656	-1.39819
48.105	0.142511	-1.40703
48.155	0.0720112	-1.41238
48.205	0.00133164	-1.41421
48.255	-0.0693512	-1.41251
48.305	-0.139861	-1.40729
48.355	-0.210022	-1.39859
48.405	-0.279663	-1.38647
48.455	-0.348614	-1.37102
48.505	-0.416711	-1.35235
48.555	-0.483797	-1.33059
48.605	-0.549721	-1.30589
48.655	-0.61434	-1.2784
48.705	-0.677518	-1.2483
48.755	-0.739129	-1.21578
48.805	-0.799058	-1.181
48.855	-0.857195	-1.14417
48.905	-0.913443	-1.10546
48.955	-0.967713	-1.06507
49.005	-1.01993	-1.02316
49.055	-1.07001	-0.979916
49.105	-1.1179	-0.935494
49.155	-1.16354	-0.890047
49.205	-1.20689	-0.843718
49.255	-1.2479	-0.796638
49.305	-1.28654	-0.748924
49.355	-1.32278	-0.700684
49.405	-1.3566	-0.652013
49.455	-1.38798	-0.602995
49.505	-1.4169	-0.553702
49.555	-1.44334	-0.504196
49.605	-1.46731	-0.454529
49.655	-1.4888	-0.404744
49.705	-1.50779	-0.354875
49.755	-1.52428	-0.30495
49.805	-1.53828	-0.254989
49.855	-1.54978	-0.205007
49.905	-1.55878	-0.155014
49.955	-1.56528	-0.105016
50.005	-1.56928	-0.0550163
