# Columna 1: Tiempo
# Columna 2: Tierra-x
# Columna 3: Tierra-y
# Columna 4: Luna-x
# Columna 5: Luna-y
# Columna 6: Nave-x
# Columna 7: Nave-y
# Columna 8: Tierra-v-x
# Columna 9: Tierra-v-y
# Columna 10: Luna-v-x
# Columna 11: Luna-v-y
# Columna 12: Nave-v-x
# Columna 13: Nave-v-y
0.000	0.000000000e+00	0.000000000e+00	3.844000000e+08	0.000000000e+00	6.800000000e+06	0.000000000e+00	0.000000000e+00	0.000000000e+00	0.000000000e+00	1.000000000e+03	4.684274007e-13	7.650000000e+03
250.000	4.471350261e-17	4.202932482e-18	3.843999159e+08	2.499999818e+05	6.532970962e+06	1.887400087e+06	3.553445022e-19	5.030160877e-20	-6.729259099e-01	9.999997812e+02	-2.122117367e+03	7.349598792e+03
500.000	1.753369821e-16	3.322502759e-17	3.843996635e+08	4.999998541e+05	5.752887543e+06	3.626580135e+06	6.827404394e-19	1.972374731e-19	-1.345851555e+00	9.999991247e+02	-4.077325904e+03	6.472097811e+03
750.000	3.815985212e-16	1.099276156e-16	3.843992430e+08	7.499995076e+05	4.521093631e+06	5.081012280e+06	9.564571521e-19	4.292195663e-19	-2.018776670e+00	9.999980306e+02	-5.711962113e+03	5.086700750e+03
1000.000	6.472858777e-16	2.534135022e-16	3.843986541e+08	9.999988329e+05	2.934408738e+06	6.136614565e+06	1.155017709e-18	7.279699997e-19	-2.691700991e+00	9.999964988e+02	-6.897765756e+03	3.302563162e+03
1250.000	9.515297500e-16	4.775271114e-16	3.843978971e+08	1.249997721e+06	1.117464333e+06	6.710708091e+06	1.262887381e-18	1.069981333e-18	-3.364624252e+00	9.999945294e+02	-7.541963438e+03	1.260071480e+03
1500.000	1.270451404e-15	7.897736730e-16	3.843969718e+08	1.499996061e+06	-7.871357831e+05	6.758471625e+06	1.271681038e-18	1.428385103e-18	-4.037546188e+00	9.999921224e+02	-7.594479160e+03	-8.803158340e+02
1750.000	1.579042006e-15	1.190740731e-15	3.843958783e+08	1.749993745e+06	-2.630038859e+06	6.276396357e+06	1.180798122e-18	1.775074272e-18	-4.710466536e+00	9.999892777e+02	-7.051726386e+03	-2.950743552e+03
2000.000	1.853124167e-15	1.674064244e-15	3.843946166e+08	1.999990664e+06	-4.266857524e+06	5.302488335e+06	9.974423778e-19	2.082908382e-18	-5.383385029e+00	9.999859953e+02	-5.956725880e+03	-4.789128859e+03
2250.000	2.071241721e-15	2.226938199e-15	3.843931866e+08	2.249986706e+06	-5.569455561e+06	3.913225078e+06	7.360332074e-19	2.327828173e-18	-6.056301403e+00	9.999822753e+02	-4.395590314e+03	-6.251789851e+03
2500.000	2.216331420e-15	2.831124516e-15	3.843915885e+08	2.499981765e+06	-6.435931242e+06	2.217524389e+06	4.170620880e-19	2.490718034e-18	-6.729215393e+00	9.999781177e+02	-2.490694790e+03	-7.224568102e+03
2750.000	2.277048742e-15	3.464382314e-15	3.843898220e+08	2.749975729e+06	-6.798535088e+06	3.482088221e+05	6.548765062e-20	2.558877651e-18	-7.402126735e+00	9.999735224e+02	-3.910922495e+02	-7.631617334e+03
3000.000	2.248647590e-15	4.102204698e-15	3.843878874e+08	2.999968489e+06	-6.628923405e+06	-1.548366459e+06	-2.912053307e-19	2.526995784e-18	-8.075035163e+00	9.999684895e+02	1.739078235e+03	-7.441218819e+03
3250.000	2.133347898e-15	4.719729104e-15	3.843857845e+08	3.249959937e+06	-5.940353645e+06	-3.323722212e+06	-6.251357581e-19	2.397556554e-18	-8.747940412e+00	9.999630190e+02	3.733310747e+03	-6.668207739e+03
3500.000	1.940163720e-15	5.293674833e-15	3.843835134e+08	3.499949963e+06	-4.786657736e+06	-4.838826104e+06	-9.101855707e-19	2.180649492e-18	-9.420842217e+00	9.999571108e+02	5.435628228e+03	-5.372838765e+03
3750.000	1.684204613e-15	5.804159532e-15	3.843810741e+08	3.749938456e+06	-3.258069950e+06	-5.974940726e+06	-1.124027525e-18	1.893196755e-18	-1.009374031e+01	9.999507650e+02	6.712692378e+03	-3.656171021e+03
4000.000	1.385502594e-15	6.236254935e-15	3.843784666e+08	3.999925309e+06	-1.474221493e+06	-6.642914472e+06	-1.249868570e-18	1.557652525e-18	-1.076663444e+01	9.999439816e+02	7.464215102e+03	-1.652300882e+03
4250.000	1.067453068e-15	6.581160882e-15	3.843756908e+08	4.249910410e+06	4.251702772e+05	-6.790192789e+06	-1.277774394e-18	1.200268530e-18	-1.143952433e+01	9.999367605e+02	7.630868679e+03	4.819963409e+02
4500.000	7.549883898e-16	6.836904507e-15	3.843727468e+08	4.499893652e+06	2.291209336e+06	-6.404993715e+06	-1.205468918e-18	8.490536552e-19	-1.211240971e+01	9.999291018e+02	7.199060378e+03	2.579451571e+03
4750.000	4.726248080e-16	7.008506959e-15	3.843696346e+08	4.749874925e+06	3.977484646e+06	-5.517303561e+06	-1.038539803e-18	5.315820827e-19	-1.278529032e+01	9.999210055e+02	6.202159704e+03	4.475391802e+03
5000.000	2.425353260e-16	7.107600903e-15	3.843663541e+08	4.999854119e+06	5.351579033e+06	-4.196592595e+06	-7.900255285e-19	2.728204198e-19	-1.345816591e+01	9.999124715e+02	4.718032456e+03	6.020716453e+03
5250.000	8.280105464e-17	7.151525319e-15	3.843629055e+08	5.249831124e+06	6.305512102e+06	-2.546409205e+06	-4.794086553e-19	9.314747726e-20	-1.413103619e+01	9.999034999e+02	2.863028490e+03	7.093723266e+03
5500.000	5.981257181e-18	7.161966446e-15	3.843592886e+08	5.499805832e+06	6.764279932e+06	-6.962636144e+05	-1.310893529e-19	6.728894972e-21	-1.480390091e+01	9.998940907e+02	7.828656155e+02	7.609815039e+03
5750.000	1.811797183e-17	7.163251263e-15	3.843555035e+08	5.749778133e+06	6.691799472e+06	1.208563460e+06	2.275415142e-19	2.038254071e-20	-1.547675981e+01	9.998842439e+02	-1.358877923e+03	7.528275467e+03
6000.000	1.182565338e-16	7.180429188e-15	3.843515502e+08	5.999747918e+06	6.093771980e+06	3.018476892e+06	5.682744436e-19	1.330310348e-19	-1.614961261e+01	9.998739595e+02	-3.393734977e+03	6.855538660e+03
6250.000	2.985213615e-16	7.237295745e-15	3.843474287e+08	6.249715076e+06	5.017230429e+06	4.591369808e+06	8.643206666e-19	3.357883241e-19	-1.682245906e+01	9.998632375e+02	-5.161723021e+03	5.644672128e+03
6500.000	5.447407763e-16	7.354516931e-15	3.843431390e+08	6.499679500e+06	3.546808084e+06	5.803824886e+06	1.092434755e-18	6.126728666e-19	-1.749529888e+01	9.998520779e+02	-6.524020355e+03	3.991117641e+03
6750.000	8.375696095e-16	7.548004369e-15	3.843386811e+08	6.749641079e+06	1.798034292e+06	6.560817911e+06	1.234747206e-18	9.418864134e-19	-1.816813182e+01	9.998404806e+02	-7.373910313e+03	2.025054339e+03
7000.000	1.154018054e-15	7.827670015e-15	3.843340550e+08	6.999599704e+06	-9.179581603e+04	6.803154673e+06	1.280160286e-18	1.297550179e-18	-1.884095760e+01	9.998284458e+02	-7.645117229e+03	-9.896967078e+01
7250.000	1.469263187e-15	8.196657328e-15	3.843292606e+08	7.249555265e+06	-1.974439753e+06	6.512062440e+06	1.225199357e-18	1.651753954e-18	-1.951377597e+01	9.998159734e+02	-7.316890558e+03	-2.214274614e+03
7500.000	1.758598405e-15	8.651106588e-15	3.843242981e+08	7.499507654e+06	-3.702349676e+06	5.710591459e+06	1.074258778e-18	1.976751371e-18	-2.018658666e+01	9.998030634e+02	-6.415473424e+03	-4.155159185e+03
7750.000	1.999366977e-15	9.180469142e-15	3.843191673e+08	7.749456760e+06	-5.140219589e+06	4.461738286e+06	8.392312941e-19	2.247127147e-18	-2.085938940e+01	9.997897158e+02	-5.011889288e+03	-5.769843324e+03
8000.000	2.172729272e-15	9.768342369e-15	3.843138684e+08	7.999402475e+06	-6.175539209e+06	2.863459370e+06	5.385579368e-19	2.441768993e-18	-2.153218393e+01	9.997759306e+02	-3.216267999e+03	-6.932244426e+03
8250.000	2.265127942e-15	1.039375751e-14	3.843084012e+08	8.249344689e+06	-6.727344070e+06	1.040980179e+06	1.957783156e-19	2.545495999e-18	-2.220496998e+01	9.997617078e+02	-1.169188101e+03	-7.551702103e+03
8500.000	2.269339889e-15	1.103281883e-14	3.843027659e+08	8.499283293e+06	-6.752497815e+06	-8.629940651e+05	-1.623039381e-19	2.550224122e-18	-2.287774730e+01	9.997470475e+02	9.692791185e+02	-7.579938457e+03
8750.000	2.185035895e-15	1.166056725e-14	3.842969624e+08	8.749218177e+06	-6.249034363e+06	-2.699407626e+06	-5.077001693e-19	2.455584974e-18	-2.355051560e+01	9.997319496e+02	3.031985411e+03	-7.014753466e+03
9000.000	2.018806121e-15	1.225292520e-14	3.842909906e+08	8.999149231e+06	-5.256310153e+06	-4.324469323e+06	-8.134040722e-19	2.268953985e-18	-2.422327464e+01	9.997164141e+02	4.857649119e+03	-5.900193196e+03
9250.000	1.783649553e-15	1.278857416e-14	3.842848507e+08	9.249076347e+06	-3.851955128e+06	-5.610864883e+06	-1.055485818e-18	2.004885963e-18	-2.489602414e+01	9.997004411e+02	6.303361307e+03	-4.323178969e+03
9500.000	1.497965545e-15	1.325062065e-14	3.842785426e+08	9.498999415e+06	-2.145850237e+06	-6.457706543e+06	-1.214955913e-18	1.683998078e-18	-2.556876384e+01	9.996840305e+02	7.255716711e+03	-2.406836524e+03
9750.000	1.184123228e-15	1.362792196e-14	3.842720663e+08	9.748918326e+06	-2.715839199e+05	-6.798449959e+06	-1.279256482e-18	1.331380449e-18	-2.624149348e+01	9.996671824e+02	7.639719708e+03	-3.010040435e+02
10000.000	8.667172328e-16	1.391596715e-14	3.842654219e+08	9.998832970e+06	1.623964686e+06	-6.606155809e+06	-1.243262386e-18	9.746506297e-19	-2.691421278e+01	9.996498967e+02	7.424762971e+03	1.829386440e+03
10250.000	5.706435211e-16	1.411724215e-14	3.842586092e+08	1.024874324e+07	3.392116892e+06	-5.895670125e+06	-1.109708660e-18	6.417978293e-19	-2.758692149e+01	9.996321735e+02	6.627180117e+03	3.817183363e+03
10500.000	3.191448572e-16	1.424104681e-14	3.842516284e+08	1.049864902e+07	4.894066913e+06	-4.722531559e+06	-8.890029158e-19	3.589828663e-19	-2.825961934e+01	9.996140127e+02	5.309125413e+03	5.506154323e+03
10750.000	1.319799033e-16	1.430277449e-14	3.842444794e+08	1.074855021e+07	6.011816017e+06	-3.178669259e+06	-5.984291576e-19	1.484679677e-19	-2.893230607e+01	9.995954144e+02	3.573818929e+03	6.763349297e+03
11000.000	2.386208807e-17	1.432270804e-14	3.842371623e+08	1.099844669e+07	6.657495610e+06	-1.385212435e+06	-2.607992670e-19	2.684454102e-20	-2.960498141e+01	9.995763786e+02	1.557493222e+03	7.489684401e+03
11250.000	3.294303676e-18	1.432442563e-14	3.842296769e+08	1.124833836e+07	6.780326418e+06	5.170301498e+05	9.734421552e-20	3.706085764e-21	-3.027764509e+01	9.995569053e+02	-5.813396551e+02	7.627867256e+03
11500.000	7.189438951e-17	1.433294251e-14	3.842220234e+08	1.149822511e+07	6.370646706e+06	2.378667307e+06	4.478304877e-19	8.087839178e-20	-3.095029685e+01	9.995369945e+02	-2.674443672e+03	7.166994244e+03
11750.000	2.242667020e-16	1.437273749e-14	3.842142018e+08	1.174810682e+07	5.460679256e+06	4.053511689e+06	7.630966731e-19	2.522728309e-19	-3.162293643e+01	9.995166461e+02	-4.557213332e+03	6.143426654e+03
12000.000	4.484303282e-16	1.446582239e-14	3.842062120e+08	1.199798339e+07	4.121974080e+06	5.410108694e+06	1.018374015e-18	5.043753456e-19	-3.229556356e+01	9.994958603e+02	-6.081729618e+03	4.637870436e+03
12250.000	7.267687782e-16	1.463000945e-14	3.841980540e+08	1.224785472e+07	2.459736857e+06	6.342083552e+06	1.193644937e-18	8.173292033e-19	-3.296817798e+01	9.994746370e+02	-7.128447561e+03	2.768909998e+03
12500.000	1.037423519e-15	1.487751455e-14	3.841897279e+08	1.249772068e+07	6.045067429e+05	6.776483101e+06	1.275212920e-18	1.166519459e-18	-3.364077941e+01	9.994529761e+02	-7.615571557e+03	6.835457884e+02
12750.000	1.356018318e-15	1.521400570e-14	3.841812336e+08	1.274758117e+07	-1.298141397e+06	6.679457943e+06	1.256762056e-18	1.524526405e-18	-3.431336761e+01	9.994308778e+02	-7.505383000e+03	-1.454471689e+03
13000.000	1.657575988e-15	1.563816958e-14	3.841725712e+08	1.299743608e+07	-3.099043799e+06	6.058851271e+06	1.139827666e-18	1.863287639e-18	-3.498594229e+01	9.994083421e+02	-6.807050822e+03	-3.477553778e+03
13250.000	1.918475597e-15	1.614182660e-14	3.841637406e+08	1.324728530e+07	-4.657136266e+06	4.963511525e+06	9.336486889e-19	2.156295568e-18	-3.565850321e+01	9.993853688e+02	-5.575749970e+03	-5.227397132e+03
13500.000	2.118297087e-15	1.671058188e-14	3.841547420e+08	1.349712873e+07	-5.850470203e+06	3.479404990e+06	6.544217794e-19	2.380658960e-18	-3.633105008e+01	9.993619581e+02	-3.908206867e+03	-6.567295310e+03
13750.000	2.241410969e-15	1.732495803e-14	3.841455751e+08	1.374696624e+07	-6.585706307e+06	1.722850670e+06	3.240221591e-19	2.518872137e-18	-3.700358265e+01	9.993381100e+02	-1.935060334e+03	-7.392704402e+03
14000.000	2.278191980e-15	1.796191974e-14	3.841362402e+08	1.399679774e+07	-6.805362506e+06	-1.685846829e+05	-3.170571235e-20	2.560160981e-18	-3.767610066e+01	9.993138244e+02	1.893465142e+02	-7.639281380e+03
14250.000	2.225765161e-15	1.859667152e-14	3.841267371e+08	1.424662312e+07	-6.492269542e+06	-2.046822315e+06	-3.849554592e-19	2.501308357e-18	-3.834860383e+01	9.992891014e+02	2.298954002e+03	-7.287813505e+03
14500.000	2.088228504e-15	1.920459006e-14	3.841170659e+08	1.449644226e+07	-5.670900623e+06	-3.764811833e+06	-7.081125818e-19	2.346900133e-18	-3.902109191e+01	9.992639409e+02	4.228848339e+03	-6.365687593e+03
14750.000	1.876335560e-15	1.976314349e-14	3.841072265e+08	1.474625505e+07	-4.405475962e+06	-5.187992916e+06	-9.758939482e-19	2.108974427e-18	-3.969356462e+01	9.992383430e+02	5.828038659e+03	-4.944795276e+03
15000.000	1.606661694e-15	2.025365048e-14	3.840972191e+08	1.499606139e+07	-2.794983639e+06	-6.204800676e+06	-1.167313109e-18	1.806098871e-18	-4.036602170e+01	9.992123077e+02	6.971193886e+03	-3.136022459e+03
15250.000	1.300316468e-15	2.066274363e-14	3.840870435e+08	1.524586117e+07	-9.654899480e+05	-6.735404939e+06	-1.267322595e-18	1.461941800e-18	-4.103846290e+01	9.991858350e+02	7.568450540e+03	-1.080716430e+03
15500.000	9.812994128e-16	2.098342279e-14	3.840766998e+08	1.549565428e+07	9.396799068e+05	-6.738000885e+06	-1.268005463e-18	1.103441094e-18	-4.171088794e+01	9.991589249e+02	7.572528625e+03	1.060249787e+03
15750.000	6.746247475e-16	2.121561425e-14	3.840661881e+08	1.574544060e+07	2.771141008e+06	-6.212148322e+06	-1.169219109e-18	7.587066846e-19	-4.238329655e+01	9.991315774e+02	6.982576518e+03	3.119003679e+03
16000.000	4.043600585e-16	2.136618871e-14	3.840555082e+08	1.599522003e+07	4.385161731e+06	-5.198878969e+06	-9.786338387e-19	4.548166195e-19	-4.305568848e+01	9.991037925e+02	5.844401285e+03	4.933835148e+03
16250.000	1.917326959e-16	2.144843285e-14	3.840446602e+08	1.624499246e+07	5.654972340e+06	-3.777540955e+06	-7.111547356e-19	2.156793954e-19	-4.372806346e+01	9.990755703e+02	4.247016081e+03	6.361962651e+03
16500.000	5.345433949e-17	2.148101288e-14	3.840336442e+08	1.649475778e+07	6.480770685e+06	-2.059608891e+06	-3.877649601e-19	6.013458603e-20	-4.440042122e+01	9.990469107e+02	2.315732342e+03	7.290876252e+03
16750.000	3.984838548e-19	2.148650954e-14	3.840224600e+08	1.674451588e+07	6.797620254e+06	-1.799349870e+05	-3.387743357e-20	4.482942509e-22	-4.507276151e+01	9.990178137e+02	2.023160333e+02	7.647322787e+03
17000.000	3.673828796e-17	2.148963993e-14	3.840111078e+08	1.699426665e+07	6.580598944e+06	1.713870330e+06	3.226749534e-19	4.132984373e-20	-4.574508404e+01	9.989882794e+02	-1.927014822e+03	7.403178173e+03
17250.000	1.596153427e-16	2.151530783e-14	3.839995875e+08	1.724400998e+07	5.846777173e+06	3.473081623e+06	6.538477331e-19	1.795534776e-19	-4.641738857e+01	9.989583077e+02	-3.904778662e+03	6.577706632e+03
17500.000	3.593665697e-16	2.158663911e-14	3.839878991e+08	1.749374576e+07	4.653862846e+06	4.959591220e+06	9.336106552e-19	4.042175311e-19	-4.708967482e+01	9.989278988e+02	-5.575522833e+03	5.236012904e+03
17750.000	6.202906032e-16	2.172315980e-14	3.839760426e+08	1.774347389e+07	3.095624518e+06	6.056789645e+06	1.140008065e-18	6.976188209e-19	-4.776194253e+01	9.988970525e+02	-6.808128161e+03	3.483820402e+03
18000.000	9.218908759e-16	2.193926243e-14	3.839640181e+08	1.799319425e+07	1.294467689e+06	6.678724744e+06	1.256886346e-18	1.036667621e-18	-4.843419144e+01	9.988657689e+02	-7.506125259e+03	1.459020969e+03
18250.000	1.240494255e-15	2.224308162e-14	3.839518256e+08	1.824290674e+07	-6.082316914e+05	6.776816545e+06	1.275151197e-18	1.394723971e-18	-4.910642128e+01	9.988340480e+02	-7.615202950e+03	-6.792915550e+02
18500.000	1.551114775e-15	2.263586587e-14	3.839394649e+08	1.849261124e+07	-2.463257436e+06	6.343609021e+06	1.193459068e-18	1.743703379e-18	-4.977863178e+01	9.988018898e+02	-7.127337557e+03	-2.763396582e+03
18750.000	1.829414028e-15	2.311189178e-14	3.839269362e+08	1.874230765e+07	-4.125260575e+06	5.413282314e+06	1.018295252e-18	2.056281653e-18	-5.045082268e+01	9.987692943e+02	-6.081259246e+03	-4.630114033e+03
19000.000	2.053604139e-15	2.365892372e-14	3.839142395e+08	1.899199585e+07	-5.464123921e+06	4.058907527e+06	7.634408912e-19	2.308025197e-18	-5.112299372e+01	9.987362615e+02	-4.559269002e+03	-6.133526475e+03
19250.000	2.206145788e-15	2.425917962e-14	3.839013747e+08	1.924167574e+07	-6.375102644e+06	2.386679314e+06	4.488781877e-19	2.479283530e-18	-5.179514463e+01	9.987027915e+02	-2.680700537e+03	-7.156281244e+03
19500.000	2.275111320e-15	2.489072504e-14	3.838883419e+08	1.949134721e+07	-6.786964802e+06	5.275900399e+05	9.922397759e-20	2.556702815e-18	-5.246727515e+01	9.986688843e+02	-5.925655942e+02	-7.618629211e+03
19750.000	2.255109807e-15	2.552918654e-14	3.838751411e+08	1.974101015e+07	-6.667515770e+06	-1.372802015e+06	-2.581856649e-19	2.534250058e-18	-5.313938501e+01	9.986345397e+02	1.541884791e+03	-7.484541345e+03
20000.000	2.147704630e-15	2.614965174e-14	3.838617723e+08	1.999066444e+07	-6.026092053e+06	-3.165720221e+06	-5.954141575e-19	2.413674676e-18	-5.381147395e+01	9.985997580e+02	3.555813349e+03	-6.764465166e+03
20250.000	1.961292409e-15	2.672861074e-14	3.838482354e+08	2.024030999e+07	-4.912838265e+06	-4.710763328e+06	-8.860879041e-19	2.204374730e-18	-5.448354169e+01	9.985645391e+02	5.291716963e+03	-5.514525887e+03
20500.000	1.710452316e-15	2.724579007e-14	3.838345305e+08	2.048994668e+07	-3.414821228e+06	-5.886858312e+06	-1.107443174e-18	1.922677272e-18	-5.515558799e+01	9.985288829e+02	6.613650632e+03	-3.832228666e+03
20750.000	1.414814435e-15	2.768573857e-14	3.838206576e+08	2.073957440e+07	-1.649271806e+06	-6.601730739e+06	-1.242102327e-18	1.590583981e-18	-5.582761257e+01	9.984927896e+02	7.417835097e+03	-1.848967537e+03
21000.000	1.097532371e-15	2.803904172e-14	3.838066167e+08	2.098919304e+07	2.455366810e+05	-6.799157162e+06	-1.279442805e-18	1.234072540e-18	-5.649961517e+01	9.984562590e+02	7.640832433e+03	2.801187926e+02
21250.000	7.834762417e-16	2.830306861e-14	3.837924078e+08	2.123880249e+07	2.121079885e+06	-6.463425742e+06	-1.216449613e-18	8.810787893e-19	-5.717159552e+01	9.984192913e+02	7.264637092e+03	2.388197471e+03
21500.000	4.972851360e-16	2.848219011e-14	3.837780309e+08	2.148840265e+07	3.830213168e+06	-5.620639361e+06	-1.057978489e-18	5.593120155e-19	-5.784355335e+01	9.983818864e+02	6.318247535e+03	4.309788643e+03
21750.000	2.614309419e-16	2.858744763e-14	3.837634860e+08	2.173799340e+07	5.238734415e+06	-4.336737227e+06	-8.164009044e-19	2.940728364e-19	-5.851548841e+01	9.983440444e+02	4.875546201e+03	5.893797021e+03
22000.000	9.444664469e-17	2.863569475e-14	3.837487731e+08	2.198757463e+07	6.235964638e+06	-2.712369021e+06	-5.106508020e-19	1.062476494e-19	-5.918740043e+01	9.983057652e+02	3.049606589e+03	7.015489038e+03
22250.000	9.460985124e-18	2.864827692e-14	3.837338923e+08	2.223714624e+07	6.743498997e+06	-8.750097510e+05	-1.647425884e-19	1.064355984e-20	-5.985928915e+01	9.982670489e+02	9.838427381e+02	7.586436661e+03
22500.000	1.315812158e-17	2.864935221e-14	3.837188435e+08	2.248670812e+07	6.721419698e+06	1.031068602e+06	1.941242463e-19	1.480279311e-20	-6.053115429e+01	9.982278955e+02	-1.159309999e+03	7.561597720e+03
22750.000	1.052472395e-16	2.866398657e-14	3.837036267e+08	2.273626015e+07	6.171463486e+06	2.856172177e+06	5.377214627e-19	1.183971517e-19	-6.120299560e+01	9.981883050e+02	-3.211272575e+03	6.942932210e+03
23000.000	2.784856379e-16	2.871617618e-14	3.836882420e+08	2.298580224e+07	5.136883770e+06	4.456995826e+06	8.390329855e-19	3.132543885e-19	-6.187481281e+01	9.981482773e+02	-5.010704989e+03	5.779244792e+03
23250.000	5.192533951e-16	2.882695569e-14	3.836726893e+08	2.323533426e+07	3.699018724e+06	5.707920594e+06	1.074396173e-18	5.840142292e-19	-6.254660565e+01	9.981078126e+02	-6.416293945e+03	4.162267023e+03
23500.000	8.086324635e-16	2.901274389e-14	3.836569687e+08	2.348485611e+07	1.970846928e+06	6.510893476e+06	1.225368463e-18	9.093578820e-19	-6.321837386e+01	9.980669109e+02	-7.317900463e+03	2.219314729e+03
23750.000	1.123902138e-15	2.928405800e-14	3.836410801e+08	2.373436767e+07	8.805643033e+04	6.803105606e+06	1.280169584e-18	1.263706860e-18	-6.389011718e+01	9.980255721e+02	-7.645172755e+03	1.031426313e+02
24000.000	1.440329912e-15	2.964469691e-14	3.836250236e+08	2.398386885e+07	-1.801650235e+06	6.561870028e+06	1.234587475e-18	1.619249519e-18	-6.456183534e+01	9.979837962e+02	-7.372956403e+03	-2.020158127e+03
24250.000	1.733114437e-15	3.009145493e-14	3.836087992e+08	2.423335954e+07	-3.550159419e+06	5.806331170e+06	1.092282412e-18	1.948129989e-18	-6.523352807e+01	9.979415833e+02	-6.523110563e+03	-3.984232295e+03
24500.000	1.979327129e-15	3.061438490e-14	3.835924069e+08	2.448283961e+07	-5.020541613e+06	4.595893355e+06	8.644735342e-19	2.224625394e-18	-6.590519512e+01	9.978989334e+02	-5.162635946e+03	-5.635462853e+03
24750.000	2.159701132e-15	3.119758654e-14	3.835758466e+08	2.473230897e+07	-6.097735160e+06	3.025513174e+06	5.690404930e-19	2.427142826e-18	-6.657683621e+01	9.978558465e+02	-3.398309824e+03	-6.844896959e+03
25000.000	2.260130114e-15	3.182045545e-14	3.835591185e+08	2.498176750e+07	-6.697497040e+06	1.218240060e+06	2.291163313e-19	2.539885658e-18	-6.724845109e+01	9.978123225e+02	-1.368282731e+03	-7.518197151e+03
25250.000	2.272763020e-15	3.245929436e-14	3.835422224e+08	2.523121509e+07	-6.772940756e+06	-6.844058930e+05	-1.287165156e-19	2.554066747e-18	-6.792003948e+01	9.977683617e+02	7.686950312e+02	-7.602886611e+03
25500.000	2.196612428e-15	3.308916149e-14	3.835251584e+08	2.548065164e+07	-6.318169419e+06	-2.533472443e+06	-4.764887014e-19	2.468581173e-18	-6.859160113e+01	9.977239638e+02	2.845590525e+03	-7.092366768e+03
25750.000	2.037631009e-15	3.368581419e-14	3.835079266e+08	2.573007704e+07	-5.368732388e+06	-4.184182354e+06	-7.870099031e-19	2.290090730e-18	-6.926313576e+01	9.976791290e+02	4.700023142e+03	-6.026421839e+03
26000.000	1.808250406e-15	3.422759900e-14	3.834905269e+08	2.597949117e+07	-3.998871427e+06	-5.507221209e+06	-1.035976680e-18	2.032514177e-18	-6.993464311e+01	9.976338573e+02	6.186852732e+03	-4.488174664e+03
26250.000	1.526416950e-15	3.469714342e-14	3.834729593e+08	2.622889393e+07	-2.315762027e+06	-6.398840487e+06	-1.203864365e-18	1.715959405e-18	-7.060612293e+01	9.975881486e+02	7.189477989e+03	-2.597709564e+03
26500.000	1.214196628e-15	3.508271851e-14	3.834552238e+08	2.647828521e+07	-4.511822607e+05	-6.788994959e+06	-1.277458880e-18	1.365174035e-18	-7.127757493e+01	9.975420030e+02	7.628984430e+03	-5.028193349e+02
26750.000	8.960549490e-16	3.537916538e-14	3.834373205e+08	2.672766489e+07	1.448759844e+06	-6.646875668e+06	-1.250908122e-18	1.007627598e-18	-7.194899887e+01	9.974954206e+02	7.470423307e+03	1.632447984e+03
27000.000	5.969434988e-16	3.558831082e-14	3.834192493e+08	2.697703288e+07	3.235053425e+06	-5.983392233e+06	-1.126205856e-18	6.713686974e-19	-7.262039447e+01	9.974484012e+02	6.725701370e+03	3.640586139e+03
27250.000	3.403416791e-16	3.571883614e-14	3.834010103e+08	2.722638906e+07	4.767479492e+06	-4.850389413e+06	-9.130624808e-19	3.828217296e-19	-7.329176147e+01	9.974009450e+02	5.452809135e+03	5.363788631e+03
27500.000	1.464077304e-16	3.578560570e-14	3.833826034e+08	2.747573332e+07	5.925653034e+06	-3.336637219e+06	-6.281644877e-19	1.646971003e-19	-7.396309960e+01	9.973530519e+02	3.751398321e+03	6.666428917e+03
27750.000	3.038644349e-17	3.580850501e-14	3.833640288e+08	2.772506555e+07	6.618532159e+06	-1.560891899e+06	-2.938741925e-19	3.418424938e-20	-7.463440860e+01	9.973047220e+02	1.755016678e+03	7.445851663e+03
28000.000	1.402008339e-18	3.581087830e-14	3.833452862e+08	2.797438564e+07	6.791627206e+06	3.374348045e+05	6.353083324e-20	1.577258318e-21	-7.530568821e+01	9.972559553e+02	-3.794061361e+02	7.640580613e+03
28250.000	6.173429399e-17	3.581768910e-14	3.833263759e+08	2.822369349e+07	6.431322796e+06	2.209260692e+06	4.159384225e-19	6.944901884e-20	-7.597693816e+01	9.972067517e+02	-2.483984259e+03	7.235250460e+03
28500.000	2.066378688e-16	3.585355081e-14	3.833072978e+08	2.847298898e+07	5.565958648e+06	3.907594547e+06	7.356331757e-19	2.324445028e-19	-7.664815819e+01	9.971571114e+02	-4.393201325e+03	6.261841429e+03
28750.000	4.247186361e-16	3.594078540e-14	3.832880518e+08	2.872227201e+07	4.263580305e+06	5.299129604e+06	9.974951933e-19	4.777108900e-19	-7.731934803e+01	9.971070343e+02	-5.957041294e+03	4.797110565e+03
29000.000	6.988371486e-16	3.609766593e-14	3.832686381e+08	2.897154246e+07	2.626544548e+06	6.274739055e+06	1.180985873e-18	7.859276528e-19	-7.799050741e+01	9.970565204e+02	-7.052847631e+03	2.956440058e+03
29250.000	1.007464714e-15	3.633698301e-14	3.832490566e+08	2.922080023e+07	7.834207308e+05	6.758037473e+06	1.271760097e-18	1.132848924e-18	-7.866163608e+01	9.970055698e+02	-7.594951297e+03	8.846262272e+02
29500.000	1.326382196e-15	3.666504765e-14	3.832293073e+08	2.947004521e+07	-1.121154474e+06	6.711335426e+06	1.262777896e-18	1.491228736e-18	-7.933273376e+01	9.969541825e+02	-7.541309596e+03	-1.255618010e+03
29750.000	1.630585018e-15	3.708120710e-14	3.832093902e+08	2.971927729e+07	-2.937853728e+06	6.138531199e+06	1.154832513e-18	1.832970758e-18	-8.000380020e+01	9.969023584e+02	-6.896659770e+03	-3.296501369e+03
30000.000	1.896243160e-15	3.757790816e-14	3.831893054e+08	2.996849635e+07	-4.524364154e+06	5.084732456e+06	9.564608605e-19	2.131329899e-18	-8.067483512e+01	9.968500976e+02	-5.711984259e+03	-5.078302159e+03
30250.000	2.102562686e-15	3.814129942e-14	3.831690528e+08	3.021770230e+07	-5.756504359e+06	3.632659871e+06	6.832517959e-19	2.362993636e-18	-8.134583827e+01	9.967974002e+02	-4.080379725e+03	-6.461797993e+03
30500.000	2.233404987e-15	3.875232202e-14	3.831486325e+08	3.046689502e+07	-6.537894581e+06	1.896132904e+06	3.566132872e-19	2.509884758e-18	-8.201680937e+01	9.967442661e+02	-2.129694551e+03	-7.339031777e+03
30750.000	2.278540238e-15	3.938820210e-14	3.831280444e+08	3.071607440e+07	-6.807442299e+06	1.115706599e+04	2.098308457e-21	2.560551914e-18	-8.268774817e+01	9.966906953e+02	-1.253109810e+01	-7.641616029e+03
31000.000	2.234440438e-15	4.002422843e-14	3.831072886e+08	3.096524033e+07	-6.544078298e+06	-1.874692208e+06	-3.525806743e-19	2.511047143e-18	-8.335865440e+01	9.966366879e+02	2.105611787e+03	-7.345973535e+03
31250.000	2.104552648e-15	4.063567840e-14	3.830863651e+08	3.121439270e+07	-5.768388413e+06	-3.613771422e+06	-6.796984966e-19	2.365227820e-18	-8.402952780e+01	9.965822439e+02	4.059159422e+03	-6.475140544e+03
31500.000	1.899032021e-15	4.119974483e-14	3.830652738e+08	3.146353141e+07	-4.541019229e+06	-5.069876100e+06	-9.536650356e-19	2.134461649e-18	-8.470036809e+01	9.965273633e+02	5.695287592e+03	-5.097004965e+03
31750.000	1.633954566e-15	4.169731617e-14	3.830440149e+08	3.171265635e+07	-2.957976667e+06	-6.128872149e+06	-1.153013504e-18	1.836755555e-18	-8.537117502e+01	9.964720461e+02	6.885796647e+03	-3.319104175e+03
32000.000	1.330068588e-15	4.211447301e-14	3.830225883e+08	3.196176740e+07	-1.143169609e+06	-6.707632806e+06	-1.262078990e-18	1.495370634e-18	-8.604194832e+01	9.964162923e+02	7.537135728e+03	-1.280353426e+03
32250.000	1.011179051e-15	4.244358410e-14	3.830009939e+08	3.221086446e+07	7.612387044e+05	-6.760584253e+06	-1.272237091e-18	1.137023500e-18	-8.671268773e+01	9.963601020e+02	7.597799905e+03	8.596956563e+02
32500.000	7.022880823e-16	4.268391465e-14	3.829792319e+08	3.245994742e+07	2.605935572e+06	-6.283338269e+06	-1.182602392e-18	7.898073385e-19	-8.738339298e+01	9.963034751e+02	7.062501487e+03	2.933270575e+03
32750.000	4.276352421e-16	4.284169607e-14	3.829573022e+08	3.270901616e+07	4.246162334e+06	-5.313108954e+06	-1.000125229e-18	4.809907271e-19	-8.805406380e+01	9.962464117e+02	5.972747869e+03	4.777523378e+03
33000.000	2.087909956e-16	4.292964811e-14	3.829352049e+08	3.295807058e+07	5.553100174e+06	-3.925858510e+06	-7.390707348e-19	2.348662867e-19	-8.872469994e+01	9.961889119e+02	4.413730428e+03	6.247378536e+03
33250.000	6.295467149e-17	4.296598731e-14	3.829129399e+08	3.320711058e+07	6.424034702e+06	-2.230376234e+06	-4.199136078e-19	7.082186120e-20	-8.939530113e+01	9.961309755e+02	2.507724066e+03	7.227051845e+03
33500.000	1.593656053e-18	4.297299800e-14	3.828905072e+08	3.345613604e+07	6.790482686e+06	-3.597440331e+05	-6.773111655e-20	1.792861685e-21	-9.006586710e+01	9.960726027e+02	4.044902280e+02	7.639293030e+03
33750.000	2.953428611e-17	4.297527779e-14	3.828679070e+08	3.370514684e+07	6.623621243e+06	1.539141056e+06	2.897792093e-19	3.322559994e-20	-9.073639758e+01	9.960137934e+02	-1.730561438e+03	7.451576717e+03
34000.000	1.445787946e-16	4.299779759e-14	3.828451390e+08	3.395414290e+07	5.936575439e+06	3.317152774e+06	6.244968417e-19	1.626398354e-19	-9.140689232e+01	9.959545477e+02	-3.729495139e+03	6.678714903e+03
34250.000	3.376797737e-16	4.306393158e-14	3.828222035e+08	3.420312408e+07	4.783376392e+06	4.834700617e+06	9.101103053e-19	3.798280622e-19	-9.207735105e+01	9.958948656e+02	-5.435178743e+03	5.381666813e+03
34500.000	5.936578150e-16	4.319361534e-14	3.827991004e+08	3.445209029e+07	3.254675529e+06	5.972729217e+06	1.124200618e-18	6.676744187e-19	-9.274777351e+01	9.958347472e+02	-6.713726090e+03	3.662648371e+03
34750.000	8.924035134e-16	4.340177947e-14	3.827758296e+08	3.470104142e+07	1.470566218e+06	6.642073002e+06	1.250006479e-18	1.003523264e-18	-9.341815943e+01	9.957741923e+02	-7.465038694e+03	1.656959068e+03
35000.000	1.210465949e-15	4.369718240e-14	3.827523913e+08	3.494997735e+07	-4.289026450e+05	6.790426679e+06	1.277730572e-18	1.360981910e-18	-9.408850854e+01	9.957132011e+02	-7.630606977e+03	-4.777839689e+02
35250.000	1.522899493e-15	4.408173283e-14	3.827287854e+08	3.519889798e+07	-2.294755770e+06	6.406391554e+06	1.205287044e-18	1.712008061e-18	-9.475882058e+01	9.956517735e+02	-7.197974229e+03	-2.574112142e+03
35500.000	1.805221678e-15	4.455035208e-14	3.827050119e+08	3.544780320e+07	-3.980783859e+06	5.520297381e+06	1.038437981e-18	2.029112771e-18	-9.542909529e+01	9.955899096e+02	-6.201551625e+03	-4.467861466e+03
35750.000	2.035328049e-15	4.509138355e-14	3.826810708e+08	3.569669290e+07	-5.354979112e+06	4.201757443e+06	7.903165057e-19	2.287504968e-18	-9.609933240e+01	9.955276095e+02	-4.719770172e+03	-6.010979666e+03
36000.000	2.195215359e-15	4.568751356e-14	3.826569622e+08	3.594556697e+07	-6.309826123e+06	2.554169047e+06	4.803815857e-19	2.467012785e-18	-9.676953165e+01	9.954648730e+02	-2.868838830e+03	-7.083000353e+03
36250.000	2.272381062e-15	4.631712940e-14	3.826326861e+08	3.619442530e+07	-6.770659705e+06	7.066031934e+05	1.328911960e-19	2.553637982e-18	-9.743969277e+01	9.954017003e+02	-7.936262224e+02	-7.600326028e+03
36500.000	2.260793122e-15	4.695600801e-14	3.826082424e+08	3.644326779e+07	-6.701456523e+06	-1.196279832e+06	-2.249861648e-19	2.540629923e-18	-9.810981550e+01	9.953380914e+02	1.343617376e+03	-7.522641900e+03
36750.000	2.161357282e-15	4.757920451e-14	3.825836312e+08	3.669209431e+07	-6.107625688e+06	-3.005509314e+06	-5.652777041e-19	2.429002129e-18	-9.877989957e+01	9.952740462e+02	3.375838449e+03	-6.856000717e+03
37000.000	1.981846933e-15	4.816299610e-14	3.825588524e+08	3.694090477e+07	-5.035589885e+06	-4.579412680e+06	-8.613725268e-19	2.227454782e-18	-9.944994473e+01	9.952095648e+02	5.144116730e+03	-5.652359955e+03
37250.000	1.736300783e-15	4.868673237e-14	3.825339062e+08	3.718969906e+07	-3.569188276e+06	-5.794665689e+06	-1.090086242e-18	1.951708655e-18	-1.001199507e+02	9.951446473e+02	6.509995035e+03	-4.005604085e+03
37500.000	1.443933373e-15	4.913445005e-14	3.825087925e+08	3.743847706e+07	-1.823170106e+06	-6.555935706e+06	-1.233468822e-18	1.623297795e-18	-1.007899172e+02	9.950792936e+02	7.366275806e+03	-2.044334434e+03
37750.000	1.127640405e-15	4.949612695e-14	3.824835112e+08	3.768723867e+07	6.573149837e+04	-6.803370160e+06	-1.280217066e-18	1.267907861e-18	-1.014598440e+02	9.950135037e+02	7.645456318e+03	7.805425629e+01
38000.000	8.122124058e-16	4.976847605e-14	3.824580625e+08	3.793598377e+07	1.949467512e+06	-6.517338964e+06	-1.226579411e-18	9.133821795e-19	-1.021297308e+02	9.949472778e+02	7.325132245e+03	2.195281624e+03
38250.000	5.223940475e-16	4.995521500e-14	3.824324464e+08	3.818471227e+07	3.680262748e+06	-5.720043955e+06	-1.076676515e-18	5.875456939e-19	-1.027995774e+02	9.948806157e+02	6.429912150e+03	4.141177116e+03
38500.000	2.809403119e-16	5.006678627e-14	3.824066628e+08	3.843342405e+07	5.122224457e+06	-4.473847613e+06	-8.422043535e-19	3.160151539e-19	-1.034693835e+02	9.948135175e+02	5.029644399e+03	5.762757501e+03
38750.000	1.068229973e-16	5.011954632e-14	3.823807117e+08	3.868211899e+07	6.162053060e+06	-2.876430641e+06	-5.415350418e-19	1.201696984e-19	-1.041391488e+02	9.947459833e+02	3.234047270e+03	6.932346561e+03
39000.000	1.373104801e-17	5.013448484e-14	3.823545932e+08	3.893079700e+07	6.717998181e+06	-1.053143455e+06	-1.982803303e-19	1.544732701e-20	-1.048088731e+02	9.946780131e+02	1.184130132e+03	7.557748563e+03
39250.000	8.986014395e-18	5.013557400e-14	3.823283073e+08	3.917945796e+07	6.746335522e+06	8.528520880e+05	1.605708879e-19	1.010922251e-20	-1.054785560e+02	9.946096068e+02	-9.589293425e+02	7.589627723e+03
39500.000	9.296113794e-17	5.014787866e-14	3.823018539e+08	3.942810177e+07	6.244836084e+06	2.691868660e+06	5.067916132e-19	1.045766049e-19	-1.061481974e+02	9.945407645e+02	-3.026559514e+03	7.025468516e+03
39750.000	2.590517211e-16	5.019557878e-14	3.822752332e+08	3.967672831e+07	5.252943121e+06	4.319503534e+06	8.131575518e-19	2.913968830e-19	-1.068177970e+02	9.944714863e+02	-4.856176899e+03	5.909777815e+03
40000.000	4.941992186e-16	5.030006293e-14	3.822484450e+08	3.992533748e+07	3.848642266e+06	5.608024176e+06	1.055605486e-18	5.558420132e-19	-1.074873545e+02	9.944017721e+02	-6.304075964e+03	4.330511497e+03
40250.000	7.799260340e-16	5.047824561e-14	3.822214895e+08	4.017392916e+07	2.142281725e+06	6.456417215e+06	1.215132647e-18	8.770878069e-19	-1.081568696e+02	9.943316219e+02	-7.256772167e+03	2.412031617e+03
40500.000	1.093796527e-15	5.074124203e-14	3.821943666e+08	4.042250325e+07	2.678471427e+05	6.798302585e+06	1.279284291e-18	1.229874141e-18	-1.088263421e+02	9.942610359e+02	-7.639885786e+03	3.051916318e+02
40750.000	1.411185920e-15	5.109350396e-14	3.821670763e+08	4.067105964e+07	-1.627602314e+06	6.607094327e+06	1.243113643e-18	1.586507444e-18	-1.094957717e+02	9.941900139e+02	-7.423874677e+03	-1.824622457e+03
41000.000	1.707215425e-15	5.153248208e-14	3.821396187e+08	4.091959822e+07	-3.395490519e+06	5.898017028e+06	1.109544091e-18	1.919041748e-18	-1.101651581e+02	9.941185561e+02	-6.626197311e+03	-3.810517318e+03
41250.000	1.958700544e-15	5.204883777e-14	3.821119937e+08	4.116811888e+07	-4.897359648e+06	4.726840809e+06	8.891131628e-19	2.201464371e-18	-1.108345011e+02	9.940466625e+02	-5.309783808e+03	-5.497145225e+03
41500.000	2.145960553e-15	5.262718420e-14	3.820842015e+08	4.141662152e+07	-6.015676422e+06	3.185455929e+06	5.991265858e-19	2.411716634e-18	-1.115038005e+02	9.939743330e+02	-3.577983970e+03	-6.752771741e+03
41750.000	2.254349885e-15	5.324729571e-14	3.820562419e+08	4.166510601e+07	-6.662977514e+06	1.394650038e+06	2.622947628e-19	2.533396996e-18	-1.121730559e+02	9.939015677e+02	-1.566424323e+03	-7.479446861e+03
42000.000	2.275394952e-15	5.388568993e-14	3.820281149e+08	4.191357226e+07	-6.788658654e+06	-5.053402551e+05	-9.503944261e-20	2.557021204e-18	-1.128422671e+02	9.938283667e+02	5.675755513e+02	-7.620530632e+03
42250.000	2.207450806e-15	5.451745975e-14	3.819998207e+08	4.216202016e+07	-6.382896213e+06	-2.365769625e+06	-4.449452884e-19	2.480748564e-18	-1.135114338e+02	9.937547298e+02	2.657213263e+03	-7.165030427e+03
42500.000	2.055828522e-15	5.511821423e-14	3.819713592e+08	4.241044959e+07	-5.477407936e+06	-4.040975361e+06	-7.600672135e-19	2.310522689e-18	-1.141805558e+02	9.936806573e+02	4.539121399e+03	-6.148441500e+03
42750.000	1.832383808e-15	5.566598006e-14	3.819427304e+08	4.265886045e+07	-4.142996103e+06	-5.399732929e+06	-1.015745021e-18	2.059616780e-18	-1.148496327e+02	9.936061490e+02	6.066029267e+03	-4.650031412e+03
43000.000	1.554597542e-15	5.614291788e-14	3.819139344e+08	4.290725263e+07	-2.484056523e+06	-6.335505569e+06	-1.191932525e-18	1.747615647e-18	-1.155186644e+02	9.935312051e+02	7.118221040e+03	-2.786760645e+03
43250.000	1.244217241e-15	5.653672078e-14	3.818849711e+08	4.315562602e+07	-6.304653610e+05	-6.774796483e+06	-1.274768814e-18	1.398907329e-18	-1.161876506e+02	9.934558254e+02	7.612919356e+03	-7.042745708e+02
43500.000	9.255622424e-16	5.684158560e-14	3.818558406e+08	4.340398051e+07	1.272542289e+06	-6.682949221e+06	-1.257679142e-18	1.040794241e-18	-1.168565910e+02	9.933800102e+02	7.510859833e+03	1.434376794e+03
43750.000	6.236223022e-16	5.705867884e-14	3.818265428e+08	4.365231599e+07	3.075727611e+06	-6.066930018e+06	-1.141914855e-18	7.013647411e-19	-1.175254853e+02	9.933037593e+02	6.819515514e+03	3.461449766e+03
44000.000	3.620969808e-16	5.719605727e-14	3.817970779e+08	4.390063235e+07	4.637556830e+06	-4.974854024e+06	-9.364825488e-19	4.072881781e-19	-1.181943333e+02	9.932270728e+02	5.592673781e+03	5.217675000e+03
44250.000	1.615299041e-16	5.726804593e-14	3.817674457e+08	4.414892949e+07	5.835343413e+06	-3.492270277e+06	-6.574596135e-19	1.817070265e-19	-1.188631347e+02	9.931499507e+02	3.926348812e+03	6.564845638e+03
44500.000	3.768646439e-17	5.729411904e-14	3.817376463e+08	4.439720729e+07	6.574936435e+06	-1.735478904e+06	-3.267431084e-19	4.239650404e-20	-1.195318892e+02	9.930723931e+02	1.951309843e+03	7.396808078e+03
44750.000	3.056978021e-19	5.729737052e-14	3.817076797e+08	4.464546565e+07	6.798174373e+06	1.576032806e+05	2.967291128e-20	3.439099759e-22	-1.202005967e+02	9.929944000e+02	-1.772066262e+02	7.647946170e+03
45000.000	5.232788968e-17	5.730269459e-14	3.816775460e+08	4.489370445e+07	6.487497843e+06	2.038307898e+06	3.837548053e-19	5.886739445e-20	-1.208692567e+02	9.929159713e+02	-2.291783697e+03	7.298443920e+03
45250.000	1.896611778e-16	5.733482197e-14	3.816472451e+08	4.514192360e+07	5.667343446e+06	3.758943197e+06	7.076542518e-19	2.133493650e-19	-1.215378691e+02	9.928371072e+02	-4.226111192e+03	6.375877592e+03
45500.000	4.015063345e-16	5.741636909e-14	3.816167771e+08	4.539012297e+07	4.402204170e+06	5.184443792e+06	9.759179088e-19	4.516074239e-19	-1.222064336e+02	9.927578076e+02	-5.828181752e+03	4.953000464e+03
45750.000	6.712130431e-16	5.756605708e-14	3.815861419e+08	4.563830246e+07	2.791515707e+06	6.203007136e+06	1.167500516e-18	7.548710002e-19	-1.228749499e+02	9.926780726e+02	-6.972313082e+03	3.141910387e+03
46000.000	9.775975924e-16	5.779724237e-14	3.815553396e+08	4.588646197e+07	9.617871781e+05	6.734868593e+06	1.267418261e-18	1.099280467e-18	-1.235434177e+02	9.925979022e+02	-7.569021855e+03	1.085097053e+03
46250.000	1.296614924e-15	5.811687467e-14	3.815243702e+08	4.613460138e+07	-9.433843274e+05	6.738524454e+06	1.267911814e-18	1.457782759e-18	-1.242118369e+02	9.925172964e+02	-7.571969352e+03	-1.055878637e+03
46500.000	1.603250537e-15	5.852496237e-14	3.814932337e+08	4.638272058e+07	-2.774612210e+06	6.213924704e+06	1.169031534e-18	1.802267237e-18	-1.248802071e+02	9.924362553e+02	-6.981456323e+03	-3.113139939e+03
46750.000	1.873481911e-15	5.901458403e-14	3.814619301e+08	4.663081947e+07	-4.388433973e+06	5.202404173e+06	9.786061377e-19	2.105769854e-18	-1.255485280e+02	9.923547788e+02	-5.844235855e+03	-4.925657566e+03
47000.000	2.086155658e-15	5.957244142e-14	3.814304594e+08	4.687889793e+07	-5.658521589e+06	3.783379859e+06	7.116056969e-19	2.344572856e-18	-1.262167995e+02	9.922728670e+02	-4.249709222e+03	-6.351789095e+03
47250.000	2.224635219e-15	6.017990753e-14	3.813988217e+08	4.712695587e+07	-6.485521529e+06	2.068092255e+06	3.889560076e-19	2.500039888e-18	-1.268850212e+02	9.921905200e+02	-2.322845277e+03	-7.280238214e+03
47500.000	2.278093272e-15	6.081448576e-14	3.813670169e+08	4.737499316e+07	-6.804773020e+06	1.908910314e+05	3.590086783e-20	2.560050177e-18	-1.275531929e+02	9.921077376e+02	-2.143999827e+02	-7.638619659e+03
47750.000	2.242351209e-15	6.145156634e-14	3.813350451e+08	4.762300970e+07	-6.591321422e+06	-1.701254176e+06	-3.199602915e-19	2.519927630e-18	-1.282213142e+02	9.920245201e+02	1.910802861e+03	-7.399007806e+03
48000.000	2.120202779e-15	6.206634449e-14	3.813029063e+08	4.787100538e+07	-5.861850995e+06	-3.460209305e+06	-6.508107748e-19	2.382798500e-18	-1.288893851e+02	9.919408673e+02	3.886641947e+03	-6.580072642e+03
48250.000	1.921197725e-15	6.263575359e-14	3.812706004e+08	4.811898010e+07	-4.673392813e+06	-4.948220453e+06	-9.307711834e-19	2.159352315e-18	-1.295574051e+02	9.918567794e+02	5.558565507e+03	-5.245652023e+03
48500.000	1.660901575e-15	6.314026523e-14	3.812381276e+08	4.836693374e+07	-3.118904207e+06	-6.048663966e+06	-1.137909350e-18	1.867022961e-18	-1.302253740e+02	9.917722563e+02	6.795594640e+03	-3.499861122e+03
48750.000	1.359686984e-15	6.356541775e-14	3.812054877e+08	4.861486619e+07	-1.320050671e+06	-6.675174829e+06	-1.255953960e-18	1.528648269e-18	-1.308932915e+02	9.916872981e+02	7.500557047e+03	-1.479087463e+03
49000.000	1.041147778e-15	6.390295422e-14	3.811726809e+08	4.886277735e+07	5.822654675e+05	-6.778442614e+06	-1.275579382e-18	1.170705066e-18	-1.315611575e+02	9.916019048e+02	7.617760066e+03	6.585493470e+02
49250.000	7.302565267e-16	6.415147937e-14	3.811397072e+08	4.911066711e+07	2.438908022e+06	-6.350134803e+06	-1.195158260e-18	8.212501724e-19	-1.322289716e+02	9.915160764e+02	7.137485130e+03	2.745493971e+03
49500.000	4.514077739e-16	6.431658112e-14	3.811065664e+08	4.935853535e+07	4.104192774e+06	-5.423622453e+06	-1.020916322e-18	5.077235230e-19	-1.328967335e+02	9.914298130e+02	6.096912272e+03	4.617875121e+03
49750.000	2.264999291e-16	6.441040340e-14	3.810732588e+08	4.960638198e+07	5.447342424e+06	-4.071429087e+06	-7.664689021e-19	2.547846668e-19	-1.335644430e+02	9.913431145e+02	4.577352283e+03	6.128425970e+03
50000.000	7.320783928e-17	6.445070037e-14	3.810397842e+08	4.985420687e+07	6.362802784e+06	-2.399582622e+06	-4.517679181e-19	8.235591967e-20	-1.342320999e+02	9.912559810e+02	2.697958007e+03	7.158170448e+03
