# Columna 1: Tiempo
# Columna 2: Tierra-x
# Columna 3: Tierra-y
# Columna 4: Luna-x
# Columna 5: Luna-y
# Columna 6: Nave-x
# Columna 7: Nave-y
# Columna 8: Tierra-v-x
# Columna 9: Tierra-v-y
# Columna 10: Luna-v-x
# Columna 11: Luna-v-y
# Columna 12: Nave-v-x
# Columna 13: Nave-v-y
0.000	0.000000000e+00	0.000000000e+00	3.844000000e+08	0.000000000e+00	-4.444776622e+06	-5.146256968e+06	0.000000000e+00	0.000000000e+00	0.000000000e+00	1.000000000e+03	8.059946575e+03	-6.961304562e+03
2500.000	1.034964027e+02	2.243682732e-01	3.843915885e+08	2.499981765e+06	1.572638199e+07	-7.575645621e+06	8.279685798e-02	2.692416922e-04	-6.729216601e+00	9.999781177e+02	6.287122029e+03	1.576447849e+03
5000.000	4.139816483e+02	1.794939117e+00	3.843663541e+08	4.999854118e+06	2.876515223e+07	-2.742350408e+06	1.655905460e-01	1.076959701e-03	-1.345817557e+01	9.999124714e+02	4.424955963e+03	2.095823699e+03
7500.000	9.314438494e+02	6.057879764e+00	3.843242980e+08	7.499507653e+06	3.861809791e+07	2.544279335e+06	2.483778941e-01	2.423132822e-03	-2.018661927e+01	9.998030627e+02	3.542763159e+03	2.108734614e+03
10000.000	1.655863194e+03	1.435928676e+01	3.842654217e+08	9.998832966e+06	4.675817610e+07	7.744427606e+06	3.311557324e-01	4.307725713e-03	-2.691429006e+01	9.996498947e+02	3.006489017e+03	2.046797221e+03
12500.000	2.587211945e+03	2.804515063e+01	3.841897274e+08	1.249772066e+07	5.378573369e+07	1.276857698e+07	4.139208908e-01	6.730688891e-03	-3.364093032e+01	9.994529712e+02	2.635437707e+03	1.972093463e+03
15000.000	3.725454440e+03	4.846132049e+01	3.840972181e+08	1.499606136e+07	6.001246727e+07	1.760603766e+07	4.966701994e-01	9.691958730e-03	-4.036628240e+01	9.992122975e+02	2.358000767e+03	1.898484943e+03
17500.000	5.070547092e+03	7.695346874e+01	3.839878973e+08	1.749374570e+07	6.562454555e+07	2.226483097e+07	5.794004884e-01	1.319145745e-02	-4.709008869e+01	9.989278799e+02	2.139611112e+03	1.829392513e+03
20000.000	6.622438390e+03	1.148670556e+02	3.838617692e+08	1.999066432e+07	7.074372689e+07	2.675726525e+07	6.621085877e-01	1.722909313e-02	-5.381209153e+01	9.985997259e+02	1.961303905e+03	1.765394430e+03
22500.000	8.381068898e+03	1.635472938e+02	3.837188385e+08	2.248670789e+07	7.545487474e+07	3.109583663e+07	7.447913274e-01	2.180475967e-02	-6.053203330e+01	9.982278440e+02	1.811698092e+03	1.706230412e+03
25000.000	1.034637125e+04	2.243391132e+02	3.835591109e+08	2.498176710e+07	7.981998952e+07	3.529204193e+07	8.274455376e-01	2.691833682e-02	-6.724965638e+01	9.978122440e+02	1.683495084e+03	1.651415619e+03
27500.000	1.251827017e+04	2.985871251e+02	3.833825924e+08	2.747573268e+07	8.388604133e+07	3.935611440e+07	9.100680484e-01	3.256969013e-02	-7.396470312e+01	9.973529370e+02	1.571768827e+03	1.600441977e+03
30000.000	1.489668244e+04	3.876355872e+02	3.831892898e+08	2.996849538e+07	8.768965316e+07	4.329706214e+07	9.926556899e-01	3.875867098e-02	-8.067691590e+01	9.968499349e+02	1.473056769e+03	1.552842705e+03
32500.000	1.748151692e+04	4.928283677e+02	3.829792104e+08	3.245994596e+07	9.126005667e+07	4.712279740e+07	1.075205292e+00	4.548511654e-02	-8.738603709e+01	9.963032510e+02	1.384843306e+03	1.508208725e+03
35000.000	2.027267456e+04	6.155089100e+02	3.827523624e+08	3.494997524e+07	9.462104107e+07	5.084028210e+07	1.157713686e+00	5.274884978e-02	-9.409180906e+01	9.957128997e+02	1.305250008e+03	1.466188055e+03
37500.000	2.327004836e+04	7.570201973e+02	3.825087544e+08	3.743847408e+07	9.779228532e+07	5.445566339e+07	1.240177700e+00	6.054967944e-02	-1.007939742e+02	9.950788965e+02	1.232841439e+03	1.426479695e+03
40000.000	2.647352343e+04	9.187047167e+02	3.822483957e+08	3.992533336e+07	1.007902969e+08	5.797439207e+07	1.322594165e+00	6.888740002e-02	-1.074922748e+02	9.944012581e+02	1.166498801e+03	1.388826344e+03
42500.000	2.988297693e+04	1.101904424e+03	3.819712964e+08	4.241044402e+07	1.036290903e+08	6.140132302e+07	1.404959912e+00	7.776179178e-02	-1.141864534e+02	9.936800024e+02	1.105335070e+03	1.353007503e+03
45000.000	3.349827809e+04	1.307960707e+03	3.816774671e+08	4.489369704e+07	1.063206895e+08	6.474079954e+07	1.487271771e+00	8.717262069e-02	-1.208762523e+02	9.929151485e+02	1.048636417e+03	1.318833465e+03
47500.000	3.731928823e+04	1.538214352e+03	3.813669190e+08	4.737498345e+07	1.088755055e+08	6.799672378e+07	1.569526572e+00	9.711963845e-02	-1.275614138e+02	9.921067164e+02	9.958207990e+02	1.286140262e+03
50000.000	4.134586076e+04	1.794005505e+03	3.810396641e+08	4.985419433e+07	1.113026270e+08	7.117261569e+07	1.651721145e+00	1.076025825e-01	-1.342416804e+02	9.912547275e+02	9.464080623e+02	1.254785474e+03
52500.000	4.557784113e+04	2.076673639e+03	3.806957149e+08	5.233122081e+07	1.136100462e+08	7.427166247e+07	1.733852320e+00	1.186211758e-01	-1.409167944e+02	9.903592044e+02	8.999979595e+02	1.224644784e+03
55000.000	5.001506688e+04	2.387557516e+03	3.803350847e+08	5.480595409e+07	1.158048369e+08	7.729676013e+07	1.815916928e+00	1.301751272e-01	-1.475864983e+02	9.894201707e+02	8.562537120e+02	1.195609145e+03
57500.000	5.465736765e+04	2.727995152e+03	3.799577872e+08	5.727828542e+07	1.178932970e+08	8.025054869e+07	1.897911799e+00	1.422641310e-01	-1.542505344e+02	9.884376512e+02	8.148895356e+02	1.167582457e+03
60000.000	5.950456512e+04	3.099323781e+03	3.795638369e+08	5.974810613e+07	1.198810634e+08	8.313544205e+07	1.979833764e+00	1.548878671e-01	-1.609086451e+02	9.874116720e+02	7.756610456e+02	1.140479639e+03
62500.000	6.455647308e+04	3.502879820e+03	3.791532491e+08	6.221530759e+07	1.217732058e+08	8.595365351e+07	2.061679654e+00	1.680460012e-01	-1.675605728e+02	9.863422602e+02	7.383577866e+02	1.114225040e+03
65000.000	6.981289735e+04	3.939998829e+03	3.787260394e+08	6.467978126e+07	1.235743041e+08	8.870721762e+07	2.143446298e+00	1.817381844e-01	-1.742060600e+02	9.852294442e+02	7.027973508e+02	1.088751113e+03
67500.000	7.527363589e+04	4.412015480e+03	3.782822244e+08	6.714141867e+07	1.252885119e+08	9.139800901e+07	2.225130527e+00	1.959640534e-01	-1.808448490e+02	9.840732536e+02	6.688207009e+02	1.063997311e+03
70000.000	8.093847867e+04	4.920263520e+03	3.778218210e+08	6.960011141e+07	1.269196107e+08	9.402775873e+07	2.306729172e+00	2.107232303e-01	-1.874766823e+02	9.828737190e+02	6.362884144e+02	1.039909155e+03
72500.000	8.680720779e+04	5.466075729e+03	3.773448470e+08	7.205575117e+07	1.284710548e+08	9.659806837e+07	2.388239064e+00	2.260153229e-01	-1.941013023e+02	9.816308722e+02	6.050776432e+02	1.016437449e+03
75000.000	9.287959739e+04	6.050783892e+03	3.768513207e+08	7.450822970e+07	1.299460093e+08	9.911042243e+07	2.469657034e+00	2.418399242e-01	-2.007184514e+02	9.803447465e+02	5.750796310e+02	9.935376172e+02
77500.000	9.915541371e+04	6.675718756e+03	3.763412612e+08	7.695743886e+07	1.313473827e+08	1.015661991e+08	2.550979912e+00	2.581966129e-01	-2.073278720e+02	9.790153760e+02	5.461976732e+02	9.711691369e+02
80000.000	1.056344151e+05	7.342209999e+03	3.758146880e+08	7.940327058e+07	1.326778555e+08	1.039666800e+08	2.632204530e+00	2.750849528e-01	-2.139293067e+02	9.776427962e+02	5.183454263e+02	9.492950547e+02
82500.000	1.123163518e+05	8.051586188e+03	3.752716215e+08	8.184561687e+07	1.339399033e+08	1.063130582e+08	2.713327719e+00	2.925044934e-01	-2.205224978e+02	9.762270436e+02	4.914455002e+02	9.278815706e+02
85000.000	1.192009665e+05	8.805174746e+03	3.747120826e+08	8.428436985e+07	1.351358184e+08	1.086064458e+08	2.794346310e+00	3.104547694e-01	-2.271071878e+02	9.747681562e+02	4.654282776e+02	9.068976799e+02
87500.000	1.262879936e+05	9.604301915e+03	3.741360928e+08	8.671942173e+07	1.362677277e+08	1.108478807e+08	2.875257134e+00	3.289353006e-01	-2.336831193e+02	9.732661729e+02	4.402309189e+02	8.863148623e+02
90000.000	1.335771597e+05	1.045029272e+04	3.735436745e+08	8.915066483e+07	1.373376086e+08	1.130383324e+08	2.956057023e+00	3.479455924e-01	-2.402500346e+02	9.717211339e+02	4.157965186e+02	8.661068127e+02
92500.000	1.410681836e+05	1.134447092e+04	3.729348504e+08	9.157799156e+07	1.383473029e+08	1.151787068e+08	3.036742809e+00	3.674851352e-01	-2.468076763e+02	9.701330807e+02	3.920733869e+02	8.462492061e+02
95000.000	1.487607760e+05	1.228815900e+04	3.723096441e+08	9.400129443e+07	1.392985289e+08	1.172698516e+08	3.117311323e+00	3.875534047e-01	-2.533557869e+02	9.685020559e+02	3.690144349e+02	8.267194913e+02
97500.000	1.566546399e+05	1.328267810e+04	3.716680796e+08	9.642046606e+07	1.401928926e+08	1.193125600e+08	3.197759397e+00	4.081498618e-01	-2.598941089e+02	9.668281032e+02	3.465766462e+02	8.074967105e+02
100000.000	1.647494700e+05	1.432934800e+04	3.710101819e+08	9.883539921e+07	1.410318969e+08	1.213075746e+08	3.278083864e+00	4.292739524e-01	-2.664223848e+02	9.651112678e+02	3.247206209e+02	7.885613398e+02
102500.000	1.730449535e+05	1.542948708e+04	3.703359763e+08	1.012459867e+08	1.418169503e+08	1.232555910e+08	3.358281556e+00	4.509251077e-01	-2.729403573e+02	9.633515958e+02	3.034101796e+02	7.698951489e+02
105000.000	1.815407695e+05	1.658441228e+04	3.696454889e+08	1.036521215e+08	1.425493746e+08	1.251572604e+08	3.438349305e+00	4.731027436e-01	-2.794477688e+02	9.615491347e+02	2.826120203e+02	7.514810753e+02
107500.000	1.902365891e+05	1.779543904e+04	3.689387465e+08	1.060536968e+08	1.432304116e+08	1.270131931e+08	3.518283945e+00	4.958062613e-01	-2.859443620e+02	9.597039331e+02	2.622954177e+02	7.333031143e+02
110000.000	1.991320757e+05	1.906388131e+04	3.682157763e+08	1.084506056e+08	1.438612292e+08	1.288239602e+08	3.598082307e+00	5.190350469e-01	-2.924298794e+02	9.578160411e+02	2.424319601e+02	7.153462193e+02
112500.000	2.082268845e+05	2.039105147e+04	3.674766065e+08	1.108427414e+08	1.444429270e+08	1.305900966e+08	3.677741226e+00	5.427884713e-01	-2.989040637e+02	9.558855097e+02	2.229953182e+02	6.975962135e+02
115000.000	2.175206630e+05	2.177826032e+04	3.667212657e+08	1.132299977e+08	1.449765411e+08	1.323121025e+08	3.757257535e+00	5.670658905e-01	-3.053666576e+02	9.539123912e+02	2.039610412e+02	6.800397101e+02
117500.000	2.270130507e+05	2.322681704e+04	3.659497831e+08	1.156122679e+08	1.454630485e+08	1.339904458e+08	3.836628068e+00	5.918666450e-01	-3.118174037e+02	9.518967392e+02	1.853063766e+02	6.626640410e+02
120000.000	2.367036792e+05	2.473802910e+04	3.651621887e+08	1.179894460e+08	1.459033716e+08	1.356255634e+08	3.915849659e+00	6.171900605e-01	-3.182560447e+02	9.498386086e+02	1.670101100e+02	6.454571924e+02
122500.000	2.465921722e+05	2.631320231e+04	3.643585132e+08	1.203614256e+08	1.462983812e+08	1.372178629e+08	3.994919142e+00	6.430354471e-01	-3.246823233e+02	9.477380554e+02	1.490524227e+02	6.284077458e+02
125000.000	2.566781455e+05	2.795364073e+04	3.635387876e+08	1.227281009e+08	1.466489004e+08	1.387677242e+08	4.073833352e+00	6.694020998e-01	-3.310959823e+02	9.455951369e+02	1.314147652e+02	6.115048257e+02
127500.000	2.669612069e+05	2.966064660e+04	3.627030440e+08	1.250893661e+08	1.469557072e+08	1.402755005e+08	4.152589124e+00	6.962892981e-01	-3.374967644e+02	9.434099117e+02	1.140797431e+02	5.947380507e+02
130000.000	2.774409565e+05	3.143552039e+04	3.618513148e+08	1.274451153e+08	1.472195376e+08	1.417415196e+08	4.231183294e+00	7.236963061e-01	-3.438844125e+02	9.411824396e+02	9.703101564e+01	5.780974901e+02
132500.000	2.881169861e+05	3.327956068e+04	3.609836331e+08	1.297952431e+08	1.474410880e+08	1.431660852e+08	4.309612697e+00	7.516223727e-01	-3.502586694e+02	9.389127816e+02	8.025320422e+01	5.615736229e+02
135000.000	2.989888800e+05	3.519406416e+04	3.601000328e+08	1.321396441e+08	1.476210173e+08	1.445494773e+08	4.387874170e+00	7.800667309e-01	-3.566192780e+02	9.366010000e+02	6.373180976e+01	5.451573013e+02
137500.000	3.100562144e+05	3.718032559e+04	3.592005483e+08	1.344782131e+08	1.477599493e+08	1.458919539e+08	4.465964550e+00	8.090285985e-01	-3.629659811e+02	9.342471585e+02	4.745313832e+01	5.288397163e+02
140000.000	3.213185575e+05	3.923963775e+04	3.582852147e+08	1.368108449e+08	1.478584745e+08	1.471937511e+08	4.543880673e+00	8.385071775e-01	-3.692985217e+02	9.318513219e+02	3.140423364e+01	5.126123661e+02
142500.000	3.327754699e+05	4.137329140e+04	3.573540677e+08	1.391374347e+08	1.479171517e+08	1.484550841e+08	4.621619377e+00	8.685016542e-01	-3.756166429e+02	9.294135564e+02	1.557281596e+01	4.964670271e+02
145000.000	3.444265039e+05	4.358257525e+04	3.564071437e+08	1.414578778e+08	1.479365101e+08	1.496761479e+08	4.699177501e+00	8.990111994e-01	-3.819200876e+02	9.269339292e+02	-5.277367975e-02	4.803957265e+02
147500.000	3.562712043e+05	4.586877591e+04	3.554444797e+08	1.437720695e+08	1.479170501e+08	1.508571180e+08	4.776551883e+00	9.300349680e-01	-3.882085988e+02	9.244125091e+02	-1.548362413e+01	4.643907167e+02
150000.000	3.683091076e+05	4.823317789e+04	3.544661134e+08	1.460799056e+08	1.478592454e+08	1.519981505e+08	4.853739362e+00	9.615720989e-01	-3.944819199e+02	9.218493662e+02	-3.073030058e+01	4.484444517e+02
152500.000	3.805397427e+05	5.067706348e+04	3.534720830e+08	1.483812817e+08	1.477635437e+08	1.530993830e+08	4.930736779e+00	9.936217154e-01	-4.007397937e+02	9.192445715e+02	-4.580288695e+01	4.325495643e+02
155000.000	3.929626305e+05	5.320171279e+04	3.524624275e+08	1.506760938e+08	1.476303680e+08	1.541609351e+08	5.007540974e+00	1.026182925e+00	-4.069819637e+02	9.165981978e+02	-6.071102498e+01	4.166988451e+02
157500.000	4.055772839e+05	5.580840367e+04	3.514371865e+08	1.529642381e+08	1.474601179e+08	1.551829082e+08	5.084148787e+00	1.059254818e+00	-4.132081731e+02	9.139103188e+02	-7.546395002e+01	4.008852220e+02
160000.000	4.183832081e+05	5.849841168e+04	3.503964001e+08	1.552456109e+08	1.472531702e+08	1.561653863e+08	5.160557062e+00	1.092836471e+00	-4.194181651e+02	9.111810097e+02	-9.007052418e+01	3.851017412e+02
162500.000	4.313799003e+05	6.127301005e+04	3.493401094e+08	1.575201087e+08	1.470098801e+08	1.571084363e+08	5.236762640e+00	1.126926942e+00	-4.256116833e+02	9.084103471e+02	-1.045392669e+02	3.693415483e+02
165000.000	4.445668498e+05	6.413346961e+04	3.482683556e+08	1.597876282e+08	1.467305819e+08	1.580121078e+08	5.312762365e+00	1.161525274e+00	-4.317884709e+02	9.055984086e+02	-1.188783835e+02	3.535978705e+02
167500.000	4.579435380e+05	6.708105882e+04	3.471811812e+08	1.620480664e+08	1.464155896e+08	1.588764338e+08	5.388553080e+00	1.196630495e+00	-4.379482716e+02	9.027452734e+02	-1.330957910e+02	3.378639995e+02
170000.000	4.715094384e+05	7.011704367e+04	3.460786287e+08	1.643013203e+08	1.460651980e+08	1.597014304e+08	5.464131631e+00	1.232241613e+00	-4.440908288e+02	8.998510219e+02	-1.471991436e+02	3.221332746e+02
172500.000	4.852640167e+05	7.324268763e+04	3.449607416e+08	1.665472873e+08	1.456796827e+08	1.604870973e+08	5.539494864e+00	1.268357624e+00	-4.502158863e+02	8.969157358e+02	-1.611958545e+02	3.063990655e+02
175000.000	4.992067306e+05	7.645925168e+04	3.438275640e+08	1.687858648e+08	1.452593015e+08	1.612334174e+08	5.614639624e+00	1.304977505e+00	-4.563231878e+02	8.939394984e+02	-1.750931185e+02	2.906547571e+02
177500.000	5.133370301e+05	7.976799418e+04	3.426791407e+08	1.710169507e+08	1.448042942e+08	1.619403571e+08	5.689562760e+00	1.342100216e+00	-4.624124769e+02	8.909223940e+02	-1.888979315e+02	2.748937321e+02
180000.000	5.276543571e+05	8.317017091e+04	3.415155169e+08	1.732404428e+08	1.443148832e+08	1.626078666e+08	5.764261121e+00	1.379724703e+00	-4.684834977e+02	8.878645083e+02	-2.026171097e+02	2.591093561e+02
182500.000	5.421581458e+05	8.666703495e+04	3.403367386e+08	1.754562393e+08	1.437912745e+08	1.632358789e+08	5.838731555e+00	1.417849894e+00	-4.745359941e+02	8.847659286e+02	-2.162573079e+02	2.432949603e+02
185000.000	5.568478223e+05	9.025983672e+04	3.391428525e+08	1.776642386e+08	1.432336571e+08	1.638243107e+08	5.912970913e+00	1.456474699e+00	-4.805697100e+02	8.816267433e+02	-2.298250363e+02	2.274438262e+02
187500.000	5.717228052e+05	9.394982387e+04	3.379339059e+08	1.798643393e+08	1.426422043e+08	1.643730618e+08	5.986976047e+00	1.495598013e+00	-4.865843897e+02	8.784470423e+02	-2.433266769e+02	2.115491685e+02
190000.000	5.867825048e+05	9.773824128e+04	3.367099467e+08	1.820564402e+08	1.420170736e+08	1.648820146e+08	6.060743810e+00	1.535218713e+00	-4.925797773e+02	8.752269168e+02	-2.567684991e+02	1.956041186e+02
192500.000	6.020263238e+05	1.016263310e+05	3.354710233e+08	1.842404403e+08	1.413584066e+08	1.653510346e+08	6.134271055e+00	1.575335661e+00	-4.985556171e+02	8.719664593e+02	-2.701566748e+02	1.796017074e+02
195000.000	6.174536570e+05	1.056153322e+05	3.342171851e+08	1.864162389e+08	1.406663298e+08	1.657799694e+08	6.207554639e+00	1.615947700e+00	-5.045116536e+02	8.686657639e+02	-2.834972926e+02	1.635348477e+02
197500.000	6.330638913e+05	1.097064811e+05	3.329484818e+08	1.885837356e+08	1.399409547e+08	1.661686491e+08	6.280591417e+00	1.657053657e+00	-5.104476312e+02	8.653249260e+02	-2.967963717e+02	1.473963158e+02
200000.000	6.488564058e+05	1.139010110e+05	3.316649639e+08	1.907428302e+08	1.391823776e+08	1.665168851e+08	6.353378247e+00	1.698652342e+00	-5.163632946e+02	8.619440421e+02	-3.100598759e+02	1.311787327e+02
202500.000	6.648305716e+05	1.182001524e+05	3.303666824e+08	1.928934226e+08	1.383906800e+08	1.668244706e+08	6.425911988e+00	1.740742546e+00	-5.222583886e+02	8.585232106e+02	-3.232937267e+02	1.148745444e+02
205000.000	6.809857522e+05	1.226051324e+05	3.290536893e+08	1.950354130e+08	1.375659288e+08	1.670911792e+08	6.498189502e+00	1.783323046e+00	-5.281326579e+02	8.550625309e+02	-3.365038161e+02	9.847600096e+01
207500.000	6.973213030e+05	1.271171752e+05	3.277260367e+08	1.971687021e+08	1.367081759e+08	1.673167653e+08	6.570207649e+00	1.826392599e+00	-5.339858476e+02	8.515621040e+02	-3.496960199e+02	8.197513534e+01
210000.000	7.138365717e+05	1.317375018e+05	3.263837778e+08	1.992931905e+08	1.358174587e+08	1.675009628e+08	6.641963294e+00	1.869949945e+00	-5.398177027e+02	8.480220322e+02	-3.628762104e+02	6.536374002e+01
212500.000	7.305308981e+05	1.364673303e+05	3.250269662e+08	2.014087793e+08	1.348937999e+08	1.676434849e+08	6.713453302e+00	1.913993809e+00	-5.456279684e+02	8.444424194e+02	-3.760502692e+02	4.863334293e+01
215000.000	7.474036142e+05	1.413078752e+05	3.236556562e+08	2.035153697e+08	1.339372075e+08	1.677440231e+08	6.784674540e+00	1.958522894e+00	-5.514163902e+02	8.408233706e+02	-3.892240999e+02	3.177518173e+01
217500.000	7.644540442e+05	1.462603480e+05	3.222699027e+08	2.056128634e+08	1.329476747e+08	1.678022467e+08	6.855623876e+00	2.003535890e+00	-5.571827135e+02	8.371649927e+02	-4.024036415e+02	1.478017634e+01
220000.000	7.816815044e+05	1.513259568e+05	3.208697612e+08	2.077011620e+08	1.319251796e+08	1.678178021e+08	6.926298180e+00	2.049031466e+00	-5.629266839e+02	8.334673936e+02	-4.155948813e+02	-2.361100372e+00
222500.000	7.990853033e+05	1.565059064e+05	3.194552881e+08	2.097801678e+08	1.308696855e+08	1.677903112e+08	6.996694324e+00	2.095008275e+00	-5.686480472e+02	8.297306829e+02	-4.288038686e+02	-1.965845409e+01
225000.000	8.166647416e+05	1.618013981e+05	3.180265401e+08	2.118497829e+08	1.297811403e+08	1.677193712e+08	7.066809184e+00	2.141464952e+00	-5.743465493e+02	8.259549715e+02	-4.420367285e+02	-3.712210286e+01
227500.000	8.344191122e+05	1.672136299e+05	3.165835746e+08	2.139099102e+08	1.286594768e+08	1.676045532e+08	7.136639633e+00	2.188400113e+00	-5.800219364e+02	8.221403719e+02	-4.552996766e+02	-5.476271357e+01
230000.000	8.523477002e+05	1.727437962e+05	3.151264498e+08	2.159604525e+08	1.275046116e+08	1.674454009e+08	7.206182551e+00	2.235812357e+00	-5.856739548e+02	8.182869979e+02	-4.685990333e+02	-7.259144149e+01
232500.000	8.704497828e+05	1.783930881e+05	3.136552245e+08	2.180013130e+08	1.263164459e+08	1.672414295e+08	7.275434817e+00	2.283700264e+00	-5.913023507e+02	8.143949649e+02	-4.819412404e+02	-9.061997300e+01
235000.000	8.887246295e+05	1.841626928e+05	3.121699580e+08	2.200323952e+08	1.250948642e+08	1.669921243e+08	7.344393314e+00	2.332062398e+00	-5.969068709e+02	8.104643898e+02	-4.953328768e+02	-1.088605722e+02
237500.000	9.071715019e+05	1.900537940e+05	3.106707103e+08	2.220536029e+08	1.238397347e+08	1.666969392e+08	7.413054925e+00	2.380897302e+00	-6.024872620e+02	8.064953908e+02	-5.087806761e+02	-1.273261317e+02
240000.000	9.257896541e+05	1.960675720e+05	3.091575420e+08	2.240648402e+08	1.225509083e+08	1.663552949e+08	7.481416538e+00	2.430203502e+00	-6.080432712e+02	8.024880877e+02	-5.222915454e+02	-1.460302280e+02
242500.000	9.445783320e+05	2.022052031e+05	3.076305144e+08	2.260660115e+08	1.212282185e+08	1.659665774e+08	7.549475041e+00	2.479979507e+00	-6.135746454e+02	7.984426019e+02	-5.358725844e+02	-1.649871825e+02
245000.000	9.635367741e+05	2.084678598e+05	3.060896895e+08	2.280570215e+08	1.198714808e+08	1.655301357e+08	7.617227326e+00	2.530223805e+00	-6.190811322e+02	7.943590560e+02	-5.495311070e+02	-1.842121279e+02
247500.000	9.826642109e+05	2.148567110e+05	3.045351297e+08	2.300377752e+08	1.184804921e+08	1.650452801e+08	7.684670287e+00	2.580934866e+00	-6.245624789e+02	7.902375746e+02	-5.632746637e+02	-2.037210823e+02
250000.000	1.001959865e+06	2.213729218e+05	3.029668983e+08	2.320081779e+08	1.170550301e+08	1.645112795e+08	7.751800819e+00	2.632111144e+00	-6.300184335e+02	7.860782832e+02	-5.771110661e+02	-2.235310302e+02
252500.000	1.021422952e+06	2.280176531e+05	3.013850589e+08	2.339681352e+08	1.155948527e+08	1.639273591e+08	7.818615823e+00	2.683751070e+00	-6.354487438e+02	7.818813093e+02	-5.910484133e+02	-2.436600122e+02
255000.000	1.041052679e+06	2.347920622e+05	2.997896761e+08	2.359175531e+08	1.140996969e+08	1.632926976e+08	7.885112200e+00	2.735853061e+00	-6.408531581e+02	7.776467817e+02	-6.050951209e+02	-2.641272256e+02
257500.000	1.060848245e+06	2.416973022e+05	2.981808149e+08	2.378563379e+08	1.125692786e+08	1.626064241e+08	7.951286854e+00	2.788415510e+00	-6.462314248e+02	7.733748309e+02	-6.192599520e+02	-2.849531345e+02
260000.000	1.080808842e+06	2.487345221e+05	2.965585410e+08	2.397843962e+08	1.110032911e+08	1.618676149e+08	8.017136694e+00	2.841436796e+00	-6.515832925e+02	7.690655887e+02	-6.335520515e+02	-3.061595947e+02
262500.000	1.100933655e+06	2.559048671e+05	2.949229207e+08	2.417016349e+08	1.094014044e+08	1.610752896e+08	8.082658629e+00	2.894915275e+00	-6.569085103e+02	7.647191886e+02	-6.479809839e+02	-3.277699918e+02
265000.000	1.121221860e+06	2.632094781e+05	2.932740209e+08	2.436079613e+08	1.077632638e+08	1.602284074e+08	8.147849574e+00	2.948849286e+00	-6.622068271e+02	7.603357657e+02	-6.625567742e+02	-3.498093973e+02
267500.000	1.141672625e+06	2.706494918e+05	2.916119092e+08	2.455032830e+08	1.060884894e+08	1.593258627e+08	8.212706445e+00	3.003237150e+00	-6.674779925e+02	7.559154565e+02	-6.772899536e+02	-3.723047432e+02
270000.000	1.162285111e+06	2.782260407e+05	2.899366537e+08	2.473875080e+08	1.043766737e+08	1.583664797e+08	8.277226163e+00	3.058077165e+00	-6.727217562e+02	7.514583992e+02	-6.921916092e+02	-3.952850198e+02
272500.000	1.183058472e+06	2.859402530e+05	2.882483234e+08	2.492605445e+08	1.026273812e+08	1.573490075e+08	8.341405650e+00	3.113367612e+00	-6.779378680e+02	7.469647335e+02	-7.072734402e+02	-4.187814995e+02
275000.000	1.203991853e+06	2.937932526e+05	2.865469877e+08	2.511223012e+08	1.008401461e+08	1.562721139e+08	8.405241833e+00	3.169106754e+00	-6.831260782e+02	7.424346008e+02	-7.225478187e+02	-4.428279900e+02
277500.000	1.225084392e+06	3.017861592e+05	2.848327165e+08	2.529726872e+08	9.901447073e+07	1.551343788e+08	8.468731643e+00	3.225292831e+00	-6.882861373e+02	7.378681439e+02	-7.380278589e+02	-4.674611239e+02
280000.000	1.246335220e+06	3.099200877e+05	2.831055806e+08	2.548116118e+08	9.714982380e+07	1.539342864e+08	8.531872013e+00	3.281924066e+00	-6.934177961e+02	7.332655073e+02	-7.537274933e+02	-4.927206890e+02
282500.000	1.267743459e+06	3.181961490e+05	2.813656514e+08	2.566389847e+08	9.524563793e+07	1.526702173e+08	8.594659881e+00	3.338998661e+00	-6.985208058e+02	7.286268372e+02	-7.696615578e+02	-5.186500068e+02
285000.000	1.289308223e+06	3.266154490e+05	2.796130007e+08	2.584547161e+08	9.330130748e+07	1.513404389e+08	8.657092190e+00	3.396514800e+00	-7.035949177e+02	7.239522811e+02	-7.858458876e+02	-5.452963688e+02
287500.000	1.311028621e+06	3.351790894e+05	2.778477011e+08	2.602587164e+08	9.131618585e+07	1.499430949e+08	8.719165883e+00	3.454470645e+00	-7.086398837e+02	7.192419884e+02	-8.022974249e+02	-5.727115402e+02
290000.000	1.332903751e+06	3.438881671e+05	2.760698258e+08	2.620508964e+08	8.928958258e+07	1.484761934e+08	8.780877910e+00	3.512864340e+00	-7.136554556e+02	7.144961100e+02	-8.190343392e+02	-6.009523442e+02
292500.000	1.354932706e+06	3.527437744e+05	2.742794485e+08	2.638311674e+08	8.722076011e+07	1.469375932e+08	8.842225226e+00	3.571694006e+00	-7.186413861e+02	7.097147985e+02	-8.360761641e+02	-6.300813436e+02
295000.000	1.377114571e+06	3.617469989e+05	2.724766437e+08	2.655994410e+08	8.510893017e+07	1.453249891e+08	8.903204787e+00	3.630957748e+00	-7.235974277e+02	7.048982081e+02	-8.534439515e+02	-6.601676370e+02
297500.000	1.399448421e+06	3.708989233e+05	2.706614865e+08	2.673556292e+08	8.295324981e+07	1.436358937e+08	8.963813556e+00	3.690653647e+00	-7.285233337e+02	7.000464946e+02	-8.711604467e+02	-6.912877969e+02
300000.000	1.421933327e+06	3.802006256e+05	2.688340524e+08	2.690996443e+08	8.075281688e+07	1.418676179e+08	9.024048500e+00	3.750779766e+00	-7.334188574e+02	6.951598154e+02	-8.892502868e+02	-7.235269773e+02
302500.000	1.444568350e+06	3.896531790e+05	2.669944177e+08	2.708313992e+08	7.850666503e+07	1.400172474e+08	9.083906589e+00	3.811334148e+00	-7.382837527e+02	6.902383297e+02	-9.077402275e+02	-7.569802302e+02
305000.000	1.467352544e+06	3.992576516e+05	2.651426594e+08	2.725508071e+08	7.621375812e+07	1.380816166e+08	9.143384800e+00	3.872314814e+00	-7.431177739e+02	6.852821983e+02	-9.266594014e+02	-7.917540805e+02
307500.000	1.490284955e+06	4.090151066e+05	2.632788548e+08	2.742577815e+08	7.387298391e+07	1.360572770e+08	9.202480112e+00	3.933719765e+00	-7.479206754e+02	6.802915836e+02	-9.460396135e+02	-8.279684177e+02
310000.000	1.513364623e+06	4.189266023e+05	2.614030821e+08	2.759522364e+08	7.148314693e+07	1.339404617e+08	9.261189512e+00	3.995546982e+00	-7.526922124e+02	6.752666498e+02	-9.659156796e+02	-8.657587889e+02
312500.000	1.536590578e+06	4.289931917e+05	2.595154201e+08	2.776340863e+08	6.904296056e+07	1.317270420e+08	9.319509990e+00	4.057794424e+00	-7.574321402e+02	6.702075626e+02	-9.863258147e+02	-9.052791922e+02
315000.000	1.559961846e+06	4.392159229e+05	2.576159480e+08	2.793032459e+08	6.655103788e+07	1.294124781e+08	9.377438542e+00	4.120460031e+00	-7.621402146e+02	6.651144895e+02	-1.007312078e+03	-9.467055109e+02
317500.000	1.583477442e+06	4.495958386e+05	2.557047457e+08	2.809596305e+08	6.400588152e+07	1.269917587e+08	9.434972168e+00	4.183541722e+00	-7.668161920e+02	6.599875999e+02	-1.028920882e+03	-9.902397656e+02
320000.000	1.607136375e+06	4.601339765e+05	2.537818940e+08	2.826031559e+08	6.140587204e+07	1.244593292e+08	9.492107876e+00	4.247037393e+00	-7.714598290e+02	6.548270644e+02	-1.051203579e+03	-1.036115431e+03
322500.000	1.630937647e+06	4.708313688e+05	2.518474738e+08	2.842337380e+08	5.874925476e+07	1.218090053e+08	9.548842676e+00	4.310944920e+00	-7.760708827e+02	6.496330557e+02	-1.074217123e+03	-1.084604144e+03
325000.000	1.654880252e+06	4.816890425e+05	2.499015669e+08	2.858512934e+08	5.603412483e+07	1.190338672e+08	9.605173588e+00	4.375262160e+00	-7.806491109e+02	6.444057482e+02	-1.098024818e+03	-1.136024264e+03
327500.000	1.678963176e+06	4.927080192e+05	2.479442558e+08	2.874557391e+08	5.325841036e+07	1.161261297e+08	9.661097633e+00	4.439986947e+00	-7.851942715e+02	6.391453178e+02	-1.122697157e+03	-1.190751913e+03
330000.000	1.703185399e+06	5.038893151e+05	2.459756233e+08	2.890469925e+08	5.041985328e+07	1.130769803e+08	9.716611843e+00	4.505117092e+00	-7.897061231e+02	6.338519424e+02	-1.148312718e+03	-1.249235408e+03
332500.000	1.727545891e+06	5.152339407e+05	2.439957531e+08	2.906249715e+08	4.751598803e+07	1.098763763e+08	9.771713250e+00	4.570650389e+00	-7.941844248e+02	6.285258013e+02	-1.174959101e+03	-1.312014394e+03
335000.000	1.752043618e+06	5.267429011e+05	2.420047293e+08	2.921895944e+08	4.454411781e+07	1.065127857e+08	9.826398899e+00	4.636584606e+00	-7.986289361e+02	6.231670758e+02	-1.202733799e+03	-1.379745594e+03
337500.000	1.776677537e+06	5.384171959e+05	2.400026368e+08	2.937407799e+08	4.150128906e+07	1.029728528e+08	9.880665836e+00	4.702917494e+00	-8.030394171e+02	6.177759489e+02	-1.231744821e+03	-1.453238102e+03
340000.000	1.801446596e+06	5.502578189e+05	2.379895608e+08	2.952784473e+08	3.838426491e+07	9.924095923e+07	9.934511115e+00	4.769646778e+00	-8.074156285e+02	6.123526054e+02	-1.262110709e+03	-1.533502686e+03
342500.000	1.826349739e+06	5.622657582e+05	2.359655874e+08	2.968025162e+08	3.518950016e+07	9.529863713e+07	9.987931799e+00	4.836770165e+00	-8.117573313e+02	6.068972316e+02	-1.293959205e+03	-1.621822241e+03
345000.000	1.851385899e+06	5.744419962e+05	2.339308031e+08	2.983129069e+08	3.191312260e+07	9.112376813e+07	1.004092495e+01	4.904285338e+00	-8.160642872e+02	6.014100158e+02	-1.327423124e+03	-1.719855046e+03
347500.000	1.876554005e+06	5.867875094e+05	2.318852951e+08	2.998095399e+08	2.855093103e+07	8.668946397e+07	1.009348766e+01	4.972189959e+00	-8.203362585e+02	5.958911481e+02	-1.362630456e+03	-1.829790621e+03
350000.000	1.901852976e+06	5.993032686e+05	2.298291512e+08	3.012923364e+08	2.509843119e+07	8.196245752e+07	1.014561699e+01	5.040481669e+00	-8.245730081e+02	5.903408203e+02	-1.399682474e+03	-1.954593197e+03
352500.000	1.927281726e+06	6.119902384e+05	2.277624596e+08	3.027612180e+08	2.155095435e+07	7.690071260e+07	1.019731003e+01	5.109158086e+00	-8.287742993e+02	5.847592258e+02	-1.438606173e+03	-2.098397822e+03
355000.000	1.952839160e+06	6.248493776e+05	2.256853094e+08	3.042161067e+08	1.790395674e+07	7.144972983e+07	1.024856389e+01	5.178216805e+00	-8.329398961e+02	5.791465601e+02	-1.479249351e+03	-2.267187066e+03
357500.000	1.978524177e+06	6.378816390e+05	2.235977901e+08	3.056569250e+08	1.415372645e+07	6.553655289e+07	1.029937567e+01	5.247655402e+00	-8.370695633e+02	5.735030204e+02	-1.521039414e+03	-2.470018533e+03
360000.000	2.004335668e+06	6.510879691e+05	2.214999917e+08	3.070835962e+08	1.029906158e+07	5.905943264e+07	1.034974248e+01	5.317471428e+00	-8.411630659e+02	5.678288056e+02	-1.562390101e+03	-2.721425818e+03
362500.000	2.030272516e+06	6.644693086e+05	2.193920051e+08	3.084960437e+08	6.345472446e+06	5.186854066e+07	1.039966144e+01	5.387662412e+00	-8.452201700e+02	5.621241164e+02	-1.599088151e+03	-3.046597321e+03
365000.000	2.056333599e+06	6.780265916e+05	2.172739214e+08	3.098941915e+08	2.316835880e+06	4.372593928e+07	1.044912967e+01	5.458225863e+00	-8.492406421e+02	5.563891555e+02	-1.619204967e+03	-3.494129307e+03
367500.000	2.082517787e+06	6.917607462e+05	2.151458326e+08	3.112779644e+08	-1.706189676e+06	3.420883972e+07	1.049814431e+01	5.529159265e+00	-8.532242493e+02	5.506241272e+02	-1.582896195e+03	-4.174013913e+03
370000.000	2.108823941e+06	7.056726941e+05	2.130078311e+08	3.126472873e+08	-5.413854003e+06	2.241341287e+07	1.054670251e+01	5.600460081e+00	-8.571707596e+02	5.448292379e+02	-1.302521572e+03	-5.409617557e+03
372500.000	2.135250916e+06	7.197633506e+05	2.108600099e+08	3.140020859e+08	-6.721226735e+06	5.650673721e+06	1.059480142e+01	5.672125751e+00	-8.610799415e+02	5.390046954e+02	1.330848942e+03	-8.547464581e+03
375000.000	2.161797563e+06	7.340336247e+05	2.087024627e+08	3.153422862e+08	1.099844298e+07	-7.150894128e+06	1.064243820e+01	5.744153692e+00	-8.649515643e+02	5.331507098e+02	7.949584128e+03	7.574574871e+02
377500.000	2.188462720e+06	7.484844188e+05	2.065352836e+08	3.166678151e+08	2.637998661e+07	-2.737650419e+06	1.068961002e+01	5.816541299e+00	-8.687853980e+02	5.272674927e+02	4.944516394e+03	2.157011200e+03
380000.000	2.215245223e+06	7.631166288e+05	2.043585674e+08	3.179785995e+08	3.713601161e+07	2.771400772e+06	1.073631406e+01	5.889285945e+00	-8.725812134e+02	5.213552577e+02	3.795443597e+03	2.206348205e+03
382500.000	2.242143898e+06	7.779311439e+05	2.021724094e+08	3.192745673e+08	4.576585494e+07	8.204638365e+06	1.078254750e+01	5.962384979e+00	-8.763387819e+02	5.154142203e+02	3.159089937e+03	2.134068560e+03
385000.000	2.269157566e+06	7.929288468e+05	1.999769055e+08	3.205556468e+08	5.310802759e+07	1.343042705e+07	1.082830755e+01	6.035835727e+00	-8.800578758e+02	5.094445977e+02	2.739622458e+03	2.046355936e+03
387500.000	2.296285039e+06	8.081106134e+05	1.977721522e+08	3.218217667e+08	5.955835990e+07	1.843932966e+07	1.087359142e+01	6.109635493e+00	-8.837382681e+02	5.034466091e+02	2.435045606e+03	1.961764172e+03
390000.000	2.323525124e+06	8.234773128e+05	1.955582466e+08	3.230728564e+08	6.534058330e+07	2.324490037e+07	1.091839631e+01	6.183781557e+00	-8.873797326e+02	4.974204755e+02	2.199918452e+03	1.883864627e+03
392500.000	2.350876619e+06	8.390298074e+05	1.933352862e+08	3.243088458e+08	7.059584790e+07	2.786437156e+07	1.096271946e+01	6.258271178e+00	-8.909820439e+02	4.913664198e+02	2.010575751e+03	1.812805829e+03
395000.000	2.378338317e+06	8.547689527e+05	1.911033692e+08	3.255296654e+08	7.542007033e+07	3.231407263e+07	1.100655810e+01	6.333101589e+00	-8.945449776e+02	4.852846667e+02	1.853325618e+03	1.747916020e+03
397500.000	2.405909004e+06	8.706955971e+05	1.888625943e+08	3.267352462e+08	7.988202097e+07	3.660842294e+07	1.104990948e+01	6.408270002e+00	-8.980683098e+02	4.791754429e+02	1.719622128e+03	1.688394244e+03
400000.000	2.433587456e+06	8.868105820e+05	1.866130608e+08	3.279255199e+08	8.403304889e+07	4.075989722e+07	1.109277086e+01	6.483773605e+00	-9.015518177e+02	4.730389770e+02	1.603816379e+03	1.633500096e+03
402500.000	2.461372447e+06	9.031147420e+05	1.843548686e+08	3.291004186e+08	8.791273315e+07	4.477924607e+07	1.113513951e+01	6.559609563e+00	-9.049952794e+02	4.668754993e+02	1.502002859e+03	1.582596563e+03
405000.000	2.489262741e+06	9.196089044e+05	1.820881180e+08	3.302598751e+08	9.155237051e+07	4.867575721e+07	1.117701270e+01	6.635775018e+00	-9.083984737e+02	4.606852422e+02	1.411381989e+03	1.535148598e+03
407500.000	2.517257096e+06	9.362938893e+05	1.798129100e+08	3.314038227e+08	9.497723380e+07	5.245749457e+07	1.121838773e+01	6.712267087e+00	-9.117611804e+02	4.544684398e+02	1.329886397e+03	1.490709685e+03
410000.000	2.545354262e+06	9.531705096e+05	1.775293460e+08	3.325321954e+08	9.820809291e+07	5.613150069e+07	1.125926190e+01	6.789082865e+00	-9.150831802e+02	4.482253284e+02	1.255950949e+03	1.448906821e+03
412500.000	2.573552985e+06	9.702395710e+05	1.752375282e+08	3.336449276e+08	1.012622731e+08	5.970396323e+07	1.129963253e+01	6.866219424e+00	-9.183642548e+02	4.419561459e+02	1.188365422e+03	1.409427046e+03
415000.000	2.601852003e+06	9.875018716e+05	1.729375590e+08	3.347419546e+08	1.041544123e+08	6.318035063e+07	1.133949693e+01	6.943673811e+00	-9.216041869e+02	4.356611323e+02	1.126176856e+03	1.372006245e+03
417500.000	2.630250046e+06	1.004958202e+06	1.706295417e+08	3.358232120e+08	1.068970156e+08	6.656552243e+07	1.137885244e+01	7.021443051e+00	-9.248027599e+02	4.293405294e+02	1.068622914e+03	1.336420089e+03
420000.000	2.658745839e+06	1.022609347e+06	1.683135799e+08	3.368886361e+08	1.095008707e+08	6.986381938e+07	1.141769642e+01	7.099524144e+00	-9.279597584e+02	4.229945810e+02	1.015085233e+03	1.302476794e+03
422500.000	2.687338100e+06	1.040456080e+06	1.659897777e+08	3.379381640e+08	1.119753631e+08	7.307913733e+07	1.145602623e+01	7.177914067e+00	-9.310749680e+02	4.166235328e+02	9.650560425e+02	1.270011352e+03
425000.000	2.716025539e+06	1.058499172e+06	1.636582400e+08	3.389717331e+08	1.143287215e+08	7.621498814e+07	1.149383924e+01	7.256609773e+00	-9.341481753e+02	4.102276325e+02	9.181138041e+02	1.238880911e+03
427500.000	2.744806863e+06	1.076739382e+06	1.613190720e+08	3.399892816e+08	1.165682086e+08	7.927455030e+07	1.153113283e+01	7.335608191e+00	-9.371791678e+02	4.038071296e+02	8.739051190e+02	1.208961077e+03
430000.000	2.773680769e+06	1.095177463e+06	1.589723796e+08	3.409907484e+08	1.187002747e+08	8.226071123e+07	1.156790441e+01	7.414906228e+00	-9.401677343e+02	3.973622756e+02	8.321310828e+02	1.180142923e+03
432500.000	2.802645948e+06	1.113814160e+06	1.566182689e+08	3.419760729e+08	1.207306795e+08	8.517610277e+07	1.160415138e+01	7.494500764e+00	-9.431136645e+02	3.908933238e+02	7.925368487e+02	1.152330567e+03
435000.000	2.831701086e+06	1.132650211e+06	1.542568469e+08	3.429451952e+08	1.226645922e+08	8.802313128e+07	1.163987119e+01	7.574388659e+00	-9.460167492e+02	3.844005298e+02	7.549035402e+02	1.125439189e+03
437500.000	2.860844862e+06	1.151686345e+06	1.518882210e+08	3.438980559e+08	1.245066730e+08	9.080400315e+07	1.167506126e+01	7.654566745e+00	-9.488767804e+02	3.778841507e+02	7.190419149e+02	1.099393403e+03
440000.000	2.890075949e+06	1.170923284e+06	1.495124991e+08	3.448345965e+08	1.262611405e+08	9.352074669e+07	1.170971905e+01	7.735031834e+00	-9.516935512e+02	3.713444459e+02	6.847873451e+02	1.074125915e+03
442500.000	2.919393012e+06	1.190361741e+06	1.471297895e+08	3.457547589e+08	1.279318284e+08	9.617523087e+07	1.174384202e+01	7.815780711e+00	-9.544668558e+02	3.647816766e+02	6.519958033e+02	1.049576400e+03
445000.000	2.948794711e+06	1.210002421e+06	1.447402012e+08	3.466584859e+08	1.295222327e+08	9.876918161e+07	1.177742767e+01	7.896810138e+00	-9.571964895e+02	3.581961058e+02	6.205406240e+02	1.025690566e+03
447500.000	2.978279700e+06	1.229846022e+06	1.423438436e+08	3.475457207e+08	1.310355515e+08	1.013041958e+08	1.181047348e+01	7.978116854e+00	-9.598822489e+02	3.515879987e+02	5.903098677e+02	1.002419370e+03
450000.000	3.007846627e+06	1.249893234e+06	1.399408267e+08	3.484164073e+08	1.324747193e+08	1.037817535e+08	1.184297698e+01	8.059697573e+00	-9.625239319e+02	3.449576224e+02	5.612041614e+02	9.797183509e+02
452500.000	3.037494131e+06	1.270144736e+06	1.375312609e+08	3.492704904e+08	1.338424358e+08	1.062032289e+08	1.187493568e+01	8.141548985e+00	-9.651213374e+02	3.383052458e+02	5.331349142e+02	9.575470623e+02
455000.000	3.067220849e+06	1.290601201e+06	1.351152571e+08	3.501079154e+08	1.351411913e+08	1.085698994e+08	1.190634713e+01	8.223667756e+00	-9.676742656e+02	3.316311399e+02	5.060228353e+02	9.358685929e+02
457500.000	3.097025409e+06	1.311263295e+06	1.326929268e+08	3.509286283e+08	1.363732881e+08	1.108829543e+08	1.193720888e+01	8.306050528e+00	-9.701825181e+02	3.249355777e+02	4.797966942e+02	9.146491517e+02
460000.000	3.126906433e+06	1.332131671e+06	1.302643819e+08	3.517325757e+08	1.375408593e+08	1.131435018e+08	1.196751851e+01	8.388693918e+00	-9.726458976e+02	3.182188340e+02	4.543922775e+02	8.938577117e+02
462500.000	3.156862539e+06	1.353206979e+06	1.278297348e+08	3.525197050e+08	1.386458857e+08	1.153525756e+08	1.199727361e+01	8.471594521e+00	-9.750642083e+02	3.114811856e+02	4.297515071e+02	8.734657022e+02
465000.000	3.186892337e+06	1.374489855e+06	1.253890985e+08	3.532899644e+08	1.396902092e+08	1.175111411e+08	1.202647179e+01	8.554748906e+00	-9.774372555e+02	3.047229115e+02	4.058216910e+02	8.534467412e+02
467500.000	3.216994432e+06	1.395980932e+06	1.229425864e+08	3.540433026e+08	1.406755465e+08	1.196200998e+08	1.205511066e+01	8.638153618e+00	-9.797648459e+02	2.979442923e+02	3.825548820e+02	8.337764030e+02
470000.000	3.247167423e+06	1.417680829e+06	1.204903124e+08	3.547796691e+08	1.416034996e+08	1.216802947e+08	1.208318787e+01	8.721805178e+00	-9.820467878e+02	2.911456107e+02	3.599073290e+02	8.144320138e+02
472500.000	3.277409902e+06	1.439590160e+06	1.180323907e+08	3.554990142e+08	1.424755658e+08	1.236925139e+08	1.211070107e+01	8.805700085e+00	-9.842828905e+02	2.843271515e+02	3.378390027e+02	7.953924738e+02
475000.000	3.307720456e+06	1.461709529e+06	1.155689363e+08	3.562012887e+08	1.432931466e+08	1.256574947e+08	1.213764794e+01	8.889834810e+00	-9.864729650e+02	2.774892013e+02	3.163131866e+02	7.766380991e+02
477500.000	3.338097667e+06	1.484039531e+06	1.131000644e+08	3.568864442e+08	1.440575556e+08	1.275759267e+08	1.216402616e+01	8.974205803e+00	-9.886168236e+02	2.706320488e+02	2.952961202e+02	7.581504829e+02
480000.000	3.368540111e+06	1.506580752e+06	1.106258908e+08	3.575544331e+08	1.447700252e+08	1.294484550e+08	1.218983344e+01	9.058809488e+00	-9.907142801e+02	2.637559845e+02	2.747566890e+02	7.399123725e+02
482500.000	3.399046357e+06	1.529333770e+06	1.081465318e+08	3.582052086e+08	1.454317130e+08	1.312756829e+08	1.221506751e+01	9.143642265e+00	-9.927651497e+02	2.568613009e+02	2.546661529e+02	7.219075596e+02
485000.000	3.429614969e+06	1.552299152e+06	1.056621040e+08	3.588387244e+08	1.460437078e+08	1.330581744e+08	1.223972613e+01	9.228700512e+00	-9.947692491e+02	2.499482926e+02	2.349979075e+02	7.041207825e+02
487500.000	3.460244506e+06	1.575477457e+06	1.031727247e+08	3.594549350e+08	1.466070339e+08	1.347964565e+08	1.226380704e+01	9.313980580e+00	-9.967263966e+02	2.430172561e+02	2.157272738e+02	6.865376387e+02
490000.000	3.490933521e+06	1.598869236e+06	1.006785113e+08	3.600537959e+08	1.471226563e+08	1.364910210e+08	1.228730803e+01	9.399478798e+00	-9.986364119e+02	2.360684897e+02	1.968313131e+02	6.691445069e+02
492500.000	3.521680561e+06	1.622475030e+06	9.817958205e+07	3.606352630e+08	1.475914848e+08	1.381423266e+08	1.231022690e+01	9.485191469e+00	-1.000499116e+03	2.291022938e+02	1.782886620e+02	6.519284760e+02
495000.000	3.552484169e+06	1.646295369e+06	9.567605533e+07	3.611992931e+08	1.480143774e+08	1.397508007e+08	1.233256148e+01	9.571114874e+00	-1.002314333e+03	2.221189708e+02	1.600793862e+02	6.348772816e+02
497500.000	3.583342880e+06	1.670330777e+06	9.316805010e+07	3.617458438e+08	1.483921440e+08	1.413168406e+08	1.235430961e+01	9.657245268e+00	-1.004081886e+03	2.151188250e+02	1.421848504e+02	6.179792483e+02
500000.000	3.614255226e+06	1.694581765e+06	9.065568576e+07	3.622748734e+08	1.487255494e+08	1.428408153e+08	1.237546914e+01	9.743578884e+00	-1.005801602e+03	2.081021625e+02	1.245876015e+02	6.012232376e+02
