1001
   0.00000   1.00000   1.00000
   0.00100   1.00100   1.00100
   0.00200   1.00200   1.00200
   0.00300   1.00300   1.00300
   0.00400   1.00401   1.00401
   0.00500   1.00501   1.00501
   0.00600   1.00602   1.00602
   0.00700   1.00702   1.00702
   0.00800   1.00803   1.00803
   0.00900   1.00904   1.00904
   0.01000   1.01005   1.01005
   0.01100   1.01106   1.01106
   0.01200   1.01207   1.01207
   0.01300   1.01308   1.01308
   0.01400   1.01410   1.01410
   0.01500   1.01511   1.01511
   0.01600   1.01613   1.01613
   0.01700   1.01715   1.01715
   0.01800   1.01816   1.01816
   0.01900   1.01918   1.01918
   0.02000   1.02020   1.02020
   0.02100   1.02122   1.02122
   0.02200   1.02224   1.02224
   0.02300   1.02327   1.02327
   0.02400   1.02429   1.02429
   0.02500   1.02532   1.02532
   0.02600   1.02634   1.02634
   0.02700   1.02737   1.02737
   0.02800   1.02840   1.02840
   0.02900   1.02942   1.02942
   0.03000   1.03045   1.03045
   0.03100   1.03149   1.03149
   0.03200   1.03252   1.03252
   0.03300   1.03355   1.03355
   0.03400   1.03458   1.03458
   0.03500   1.03562   1.03562
   0.03600   1.03666   1.03666
   0.03700   1.03769   1.03769
   0.03800   1.03873   1.03873
   0.03900   1.03977   1.03977
   0.04000   1.04081   1.04081
   0.04100   1.04185   1.04185
   0.04200   1.04289   1.04289
   0.04300   1.04394   1.04394
   0.04400   1.04498   1.04498
   0.04500   1.04603   1.04603
   0.04600   1.04707   1.04707
   0.04700   1.04812   1.04812
   0.04800   1.04917   1.04917
   0.04900   1.05022   1.05022
   0.05000   1.05127   1.05127
   0.05100   1.05232   1.05232
   0.05200   1.05338   1.05338
   0.05300   1.05443   1.05443
   0.05400   1.05548   1.05548
   0.05500   1.05654   1.05654
   0.05600   1.05760   1.05760
   0.05700   1.05866   1.05866
   0.05800   1.05971   1.05971
   0.05900   1.06078   1.06078
   0.06000   1.06184   1.06184
   0.06100   1.06290   1.06290
   0.06200   1.06396   1.06396
   0.06300   1.06503   1.06503
   0.06400   1.06609   1.06609
   0.06500   1.06716   1.06716
   0.06600   1.06823   1.06823
   0.06700   1.06930   1.06930
   0.06800   1.07037   1.07037
   0.06900   1.07144   1.07144
   0.07000   1.07251   1.07251
   0.07100   1.07358   1.07358
   0.07200   1.07466   1.07466
   0.07300   1.07573   1.07573
   0.07400   1.07681   1.07681
   0.07500   1.07788   1.07788
   0.07600   1.07896   1.07896
   0.07700   1.08004   1.08004
   0.07800   1.08112   1.08112
   0.07900   1.08220   1.08220
   0.08000   1.08329   1.08329
   0.08100   1.08437   1.08437
   0.08200   1.08546   1.08546
   0.08300   1.08654   1.08654
   0.08400   1.08763   1.08763
   0.08500   1.08872   1.08872
   0.08600   1.08981   1.08981
   0.08700   1.09090   1.09090
   0.08800   1.09199   1.09199
   0.08900   1.09308   1.09308
   0.09000   1.09417   1.09417
   0.09100   1.09527   1.09527
   0.09200   1.09636   1.09636
   0.09300   1.09746   1.09746
   0.09400   1.09856   1.09856
   0.09500   1.09966   1.09966
   0.09600   1.10076   1.10076
   0.09700   1.10186   1.10186
   0.09800   1.10296   1.10296
   0.09900   1.10407   1.10407
   0.10000   1.10517   1.10517
   0.10100   1.10628   1.10628
   0.10200   1.10738   1.10738
   0.10300   1.10849   1.10849
   0.10400   1.10960   1.10960
   0.10500   1.11071   1.11071
   0.10600   1.11182   1.11182
   0.10700   1.11293   1.11293
   0.10800   1.11405   1.11405
   0.10900   1.11516   1.11516
   0.11000   1.11628   1.11628
   0.11100   1.11739   1.11739
   0.11200   1.11851   1.11851
   0.11300   1.11963   1.11963
   0.11400   1.12075   1.12075
   0.11500   1.12187   1.12187
   0.11600   1.12300   1.12300
   0.11700   1.12412   1.12412
   0.11800   1.12524   1.12524
   0.11900   1.12637   1.12637
   0.12000   1.12750   1.12750
   0.12100   1.12862   1.12862
   0.12200   1.12975   1.12975
   0.12300   1.13088   1.13088
   0.12400   1.13202   1.13202
   0.12500   1.13315   1.13315
   0.12600   1.13428   1.13428
   0.12700   1.13542   1.13542
   0.12800   1.13655   1.13655
   0.12900   1.13769   1.13769
   0.13000   1.13883   1.13883
   0.13100   1.13997   1.13997
   0.13200   1.14111   1.14111
   0.13300   1.14225   1.14225
   0.13400   1.14339   1.14339
   0.13500   1.14454   1.14454
   0.13600   1.14568   1.14568
   0.13700   1.14683   1.14683
   0.13800   1.14798   1.14798
   0.13900   1.14912   1.14912
   0.14000   1.15027   1.15027
   0.14100   1.15142   1.15142
   0.14200   1.15258   1.15258
   0.14300   1.15373   1.15373
   0.14400   1.15488   1.15488
   0.14500   1.15604   1.15604
   0.14600   1.15720   1.15720
   0.14700   1.15835   1.15835
   0.14800   1.15951   1.15951
   0.14900   1.16067   1.16067
   0.15000   1.16183   1.16183
   0.15100   1.16300   1.16300
   0.15200   1.16416   1.16416
   0.15300   1.16532   1.16532
   0.15400   1.16649   1.16649
   0.15500   1.16766   1.16766
   0.15600   1.16883   1.16883
   0.15700   1.17000   1.17000
   0.15800   1.17117   1.17117
   0.15900   1.17234   1.17234
   0.16000   1.17351   1.17351
   0.16100   1.17468   1.17468
   0.16200   1.17586   1.17586
   0.16300   1.17704   1.17704
   0.16400   1.17821   1.17821
   0.16500   1.17939   1.17939
   0.16600   1.18057   1.18057
   0.16700   1.18175   1.18175
   0.16800   1.18294   1.18294
   0.16900   1.18412   1.18412
   0.17000   1.18530   1.18530
   0.17100   1.18649   1.18649
   0.17200   1.18768   1.18768
   0.17300   1.18887   1.18887
   0.17400   1.19006   1.19006
   0.17500   1.19125   1.19125
   0.17600   1.19244   1.19244
   0.17700   1.19363   1.19363
   0.17800   1.19483   1.19483
   0.17900   1.19602   1.19602
   0.18000   1.19722   1.19722
   0.18100   1.19842   1.19842
   0.18200   1.19961   1.19961
   0.18300   1.20081   1.20081
   0.18400   1.20202   1.20202
   0.18500   1.20322   1.20322
   0.18600   1.20442   1.20442
   0.18700   1.20563   1.20563
   0.18800   1.20683   1.20683
   0.18900   1.20804   1.20804
   0.19000   1.20925   1.20925
   0.19100   1.21046   1.21046
   0.19200   1.21167   1.21167
   0.19300   1.21288   1.21288
   0.19400   1.21410   1.21410
   0.19500   1.21531   1.21531
   0.19600   1.21653   1.21653
   0.19700   1.21774   1.21774
   0.19800   1.21896   1.21896
   0.19900   1.22018   1.22018
   0.20000   1.22140   1.22140
   0.20100   1.22262   1.22262
   0.20200   1.22385   1.22385
   0.20300   1.22507   1.22507
   0.20400   1.22630   1.22630
   0.20500   1.22753   1.22753
   0.20600   1.22875   1.22875
   0.20700   1.22998   1.22998
   0.20800   1.23121   1.23121
   0.20900   1.23244   1.23244
   0.21000   1.23368   1.23368
   0.21100   1.23491   1.23491
   0.21200   1.23615   1.23615
   0.21300   1.23738   1.23738
   0.21400   1.23862   1.23862
   0.21500   1.23986   1.23986
   0.21600   1.24110   1.24110
   0.21700   1.24234   1.24234
   0.21800   1.24359   1.24359
   0.21900   1.24483   1.24483
   0.22000   1.24608   1.24608
   0.22100   1.24732   1.24732
   0.22200   1.24857   1.24857
   0.22300   1.24982   1.24982
   0.22400   1.25107   1.25107
   0.22500   1.25232   1.25232
   0.22600   1.25358   1.25358
   0.22700   1.25483   1.25483
   0.22800   1.25609   1.25609
   0.22900   1.25734   1.25734
   0.23000   1.25860   1.25860
   0.23100   1.25986   1.25986
   0.23200   1.26112   1.26112
   0.23300   1.26238   1.26238
   0.23400   1.26364   1.26364
   0.23500   1.26491   1.26491
   0.23600   1.26617   1.26617
   0.23700   1.26744   1.26744
   0.23800   1.26871   1.26871
   0.23900   1.26998   1.26998
   0.24000   1.27125   1.27125
   0.24100   1.27252   1.27252
   0.24200   1.27379   1.27379
   0.24300   1.27507   1.27507
   0.24400   1.27634   1.27634
   0.24500   1.27762   1.27762
   0.24600   1.27890   1.27890
   0.24700   1.28018   1.28018
   0.24800   1.28146   1.28146
   0.24900   1.28274   1.28274
   0.25000   1.28403   1.28403
   0.25100   1.28531   1.28531
   0.25200   1.28660   1.28660
   0.25300   1.28788   1.28788
   0.25400   1.28917   1.28917
   0.25500   1.29046   1.29046
   0.25600   1.29175   1.29175
   0.25700   1.29305   1.29305
   0.25800   1.29434   1.29434
   0.25900   1.29563   1.29563
   0.26000   1.29693   1.29693
   0.26100   1.29823   1.29823
   0.26200   1.29953   1.29953
   0.26300   1.30083   1.30083
   0.26400   1.30213   1.30213
   0.26500   1.30343   1.30343
   0.26600   1.30474   1.30474
   0.26700   1.30604   1.30604
   0.26800   1.30735   1.30735
   0.26900   1.30866   1.30866
   0.27000   1.30996   1.30996
   0.27100   1.31128   1.31128
   0.27200   1.31259   1.31259
   0.27300   1.31390   1.31390
   0.27400   1.31521   1.31521
   0.27500   1.31653   1.31653
   0.27600   1.31785   1.31785
   0.27700   1.31917   1.31917
   0.27800   1.32049   1.32049
   0.27900   1.32181   1.32181
   0.28000   1.32313   1.32313
   0.28100   1.32445   1.32445
   0.28200   1.32578   1.32578
   0.28300   1.32711   1.32711
   0.28400   1.32843   1.32843
   0.28500   1.32976   1.32976
   0.28600   1.33109   1.33109
   0.28700   1.33242   1.33242
   0.28800   1.33376   1.33376
   0.28900   1.33509   1.33509
   0.29000   1.33643   1.33643
   0.29100   1.33776   1.33776
   0.29200   1.33910   1.33910
   0.29300   1.34044   1.34044
   0.29400   1.34178   1.34178
   0.29500   1.34313   1.34313
   0.29600   1.34447   1.34447
   0.29700   1.34582   1.34582
   0.29800   1.34716   1.34716
   0.29900   1.34851   1.34851
   0.30000   1.34986   1.34986
   0.30100   1.35121   1.35121
   0.30200   1.35256   1.35256
   0.30300   1.35391   1.35391
   0.30400   1.35527   1.35527
   0.30500   1.35663   1.35663
   0.30600   1.35798   1.35798
   0.30700   1.35934   1.35934
   0.30800   1.36070   1.36070
   0.30900   1.36206   1.36206
   0.31000   1.36343   1.36343
   0.31100   1.36479   1.36479
   0.31200   1.36615   1.36615
   0.31300   1.36752   1.36752
   0.31400   1.36889   1.36889
   0.31500   1.37026   1.37026
   0.31600   1.37163   1.37163
   0.31700   1.37300   1.37300
   0.31800   1.37438   1.37438
   0.31900   1.37575   1.37575
   0.32000   1.37713   1.37713
   0.32100   1.37851   1.37851
   0.32200   1.37988   1.37988
   0.32300   1.38127   1.38127
   0.32400   1.38265   1.38265
   0.32500   1.38403   1.38403
   0.32600   1.38542   1.38542
   0.32700   1.38680   1.38680
   0.32800   1.38819   1.38819
   0.32900   1.38958   1.38958
   0.33000   1.39097   1.39097
   0.33100   1.39236   1.39236
   0.33200   1.39375   1.39375
   0.33300   1.39515   1.39515
   0.33400   1.39654   1.39654
   0.33500   1.39794   1.39794
   0.33600   1.39934   1.39934
   0.33700   1.40074   1.40074
   0.33800   1.40214   1.40214
   0.33900   1.40354   1.40354
   0.34000   1.40495   1.40495
   0.34100   1.40635   1.40635
   0.34200   1.40776   1.40776
   0.34300   1.40917   1.40917
   0.34400   1.41058   1.41058
   0.34500   1.41199   1.41199
   0.34600   1.41340   1.41340
   0.34700   1.41482   1.41482
   0.34800   1.41623   1.41623
   0.34900   1.41765   1.41765
   0.35000   1.41907   1.41907
   0.35100   1.42049   1.42049
   0.35200   1.42191   1.42191
   0.35300   1.42333   1.42333
   0.35400   1.42476   1.42476
   0.35500   1.42618   1.42618
   0.35600   1.42761   1.42761
   0.35700   1.42904   1.42904
   0.35800   1.43047   1.43047
   0.35900   1.43190   1.43190
   0.36000   1.43333   1.43333
   0.36100   1.43476   1.43476
   0.36200   1.43620   1.43620
   0.36300   1.43764   1.43764
   0.36400   1.43907   1.43907
   0.36500   1.44051   1.44051
   0.36600   1.44196   1.44196
   0.36700   1.44340   1.44340
   0.36800   1.44484   1.44484
   0.36900   1.44629   1.44629
   0.37000   1.44773   1.44773
   0.37100   1.44918   1.44918
   0.37200   1.45063   1.45063
   0.37300   1.45208   1.45208
   0.37400   1.45354   1.45354
   0.37500   1.45499   1.45499
   0.37600   1.45645   1.45645
   0.37700   1.45790   1.45790
   0.37800   1.45936   1.45936
   0.37900   1.46082   1.46082
   0.38000   1.46228   1.46228
   0.38100   1.46375   1.46375
   0.38200   1.46521   1.46521
   0.38300   1.46668   1.46668
   0.38400   1.46815   1.46815
   0.38500   1.46961   1.46961
   0.38600   1.47108   1.47108
   0.38700   1.47256   1.47256
   0.38800   1.47403   1.47403
   0.38900   1.47550   1.47550
   0.39000   1.47698   1.47698
   0.39100   1.47846   1.47846
   0.39200   1.47994   1.47994
   0.39300   1.48142   1.48142
   0.39400   1.48290   1.48290
   0.39500   1.48438   1.48438
   0.39600   1.48587   1.48587
   0.39700   1.48736   1.48736
   0.39800   1.48884   1.48884
   0.39900   1.49033   1.49033
   0.40000   1.49182   1.49182
   0.40100   1.49332   1.49332
   0.40200   1.49481   1.49481
   0.40300   1.49631   1.49631
   0.40400   1.49780   1.49780
   0.40500   1.49930   1.49930
   0.40600   1.50080   1.50080
   0.40700   1.50230   1.50230
   0.40800   1.50381   1.50381
   0.40900   1.50531   1.50531
   0.41000   1.50682   1.50682
   0.41100   1.50833   1.50833
   0.41200   1.50983   1.50983
   0.41300   1.51135   1.51135
   0.41400   1.51286   1.51286
   0.41500   1.51437   1.51437
   0.41600   1.51589   1.51589
   0.41700   1.51740   1.51740
   0.41800   1.51892   1.51892
   0.41900   1.52044   1.52044
   0.42000   1.52196   1.52196
   0.42100   1.52348   1.52348
   0.42200   1.52501   1.52501
   0.42300   1.52653   1.52653
   0.42400   1.52806   1.52806
   0.42500   1.52959   1.52959
   0.42600   1.53112   1.53112
   0.42700   1.53265   1.53265
   0.42800   1.53419   1.53419
   0.42900   1.53572   1.53572
   0.43000   1.53726   1.53726
   0.43100   1.53880   1.53880
   0.43200   1.54034   1.54034
   0.43300   1.54188   1.54188
   0.43400   1.54342   1.54342
   0.43500   1.54496   1.54496
   0.43600   1.54651   1.54651
   0.43700   1.54806   1.54806
   0.43800   1.54960   1.54960
   0.43900   1.55116   1.55116
   0.44000   1.55271   1.55271
   0.44100   1.55426   1.55426
   0.44200   1.55582   1.55582
   0.44300   1.55737   1.55737
   0.44400   1.55893   1.55893
   0.44500   1.56049   1.56049
   0.44600   1.56205   1.56205
   0.44700   1.56361   1.56361
   0.44800   1.56518   1.56518
   0.44900   1.56674   1.56674
   0.45000   1.56831   1.56831
   0.45100   1.56988   1.56988
   0.45200   1.57145   1.57145
   0.45300   1.57302   1.57302
   0.45400   1.57460   1.57460
   0.45500   1.57617   1.57617
   0.45600   1.57775   1.57775
   0.45700   1.57933   1.57933
   0.45800   1.58091   1.58091
   0.45900   1.58249   1.58249
   0.46000   1.58407   1.58407
   0.46100   1.58566   1.58566
   0.46200   1.58725   1.58725
   0.46300   1.58883   1.58883
   0.46400   1.59042   1.59042
   0.46500   1.59201   1.59201
   0.46600   1.59361   1.59361
   0.46700   1.59520   1.59520
   0.46800   1.59680   1.59680
   0.46900   1.59839   1.59839
   0.47000   1.59999   1.59999
   0.47100   1.60159   1.60159
   0.47200   1.60320   1.60320
   0.47300   1.60480   1.60480
   0.47400   1.60641   1.60641
   0.47500   1.60801   1.60801
   0.47600   1.60962   1.60962
   0.47700   1.61123   1.61123
   0.47800   1.61285   1.61285
   0.47900   1.61446   1.61446
   0.48000   1.61607   1.61607
   0.48100   1.61769   1.61769
   0.48200   1.61931   1.61931
   0.48300   1.62093   1.62093
   0.48400   1.62255   1.62255
   0.48500   1.62418   1.62418
   0.48600   1.62580   1.62580
   0.48700   1.62743   1.62743
   0.48800   1.62905   1.62905
   0.48900   1.63068   1.63068
   0.49000   1.63232   1.63232
   0.49100   1.63395   1.63395
   0.49200   1.63558   1.63558
   0.49300   1.63722   1.63722
   0.49400   1.63886   1.63886
   0.49500   1.64050   1.64050
   0.49600   1.64214   1.64214
   0.49700   1.64378   1.64378
   0.49800   1.64543   1.64543
   0.49900   1.64707   1.64707
   0.50000   1.64872   1.64872
   0.50100   1.65037   1.65037
   0.50200   1.65202   1.65202
   0.50300   1.65367   1.65367
   0.50400   1.65533   1.65533
   0.50500   1.65699   1.65699
   0.50600   1.65864   1.65864
   0.50700   1.66030   1.66030
   0.50800   1.66196   1.66196
   0.50900   1.66363   1.66363
   0.51000   1.66529   1.66529
   0.51100   1.66696   1.66696
   0.51200   1.66863   1.66863
   0.51300   1.67029   1.67029
   0.51400   1.67197   1.67197
   0.51500   1.67364   1.67364
   0.51600   1.67531   1.67531
   0.51700   1.67699   1.67699
   0.51800   1.67867   1.67867
   0.51900   1.68035   1.68035
   0.52000   1.68203   1.68203
   0.52100   1.68371   1.68371
   0.52200   1.68540   1.68540
   0.52300   1.68708   1.68708
   0.52400   1.68877   1.68877
   0.52500   1.69046   1.69046
   0.52600   1.69215   1.69215
   0.52700   1.69384   1.69384
   0.52800   1.69554   1.69554
   0.52900   1.69723   1.69723
   0.53000   1.69893   1.69893
   0.53100   1.70063   1.70063
   0.53200   1.70233   1.70233
   0.53300   1.70404   1.70404
   0.53400   1.70574   1.70574
   0.53500   1.70745   1.70745
   0.53600   1.70916   1.70916
   0.53700   1.71087   1.71087
   0.53800   1.71258   1.71258
   0.53900   1.71429   1.71429
   0.54000   1.71601   1.71601
   0.54100   1.71772   1.71772
   0.54200   1.71944   1.71944
   0.54300   1.72116   1.72116
   0.54400   1.72288   1.72288
   0.54500   1.72461   1.72461
   0.54600   1.72633   1.72633
   0.54700   1.72806   1.72806
   0.54800   1.72979   1.72979
   0.54900   1.73152   1.73152
   0.55000   1.73325   1.73325
   0.55100   1.73499   1.73499
   0.55200   1.73672   1.73672
   0.55300   1.73846   1.73846
   0.55400   1.74020   1.74020
   0.55500   1.74194   1.74194
   0.55600   1.74368   1.74368
   0.55700   1.74543   1.74543
   0.55800   1.74717   1.74717
   0.55900   1.74892   1.74892
   0.56000   1.75067   1.75067
   0.56100   1.75242   1.75242
   0.56200   1.75418   1.75418
   0.56300   1.75593   1.75593
   0.56400   1.75769   1.75769
   0.56500   1.75945   1.75945
   0.56600   1.76121   1.76121
   0.56700   1.76297   1.76297
   0.56800   1.76473   1.76473
   0.56900   1.76650   1.76650
   0.57000   1.76827   1.76827
   0.57100   1.77004   1.77004
   0.57200   1.77181   1.77181
   0.57300   1.77358   1.77358
   0.57400   1.77535   1.77535
   0.57500   1.77713   1.77713
   0.57600   1.77891   1.77891
   0.57700   1.78069   1.78069
   0.57800   1.78247   1.78247
   0.57900   1.78425   1.78425
   0.58000   1.78604   1.78604
   0.58100   1.78783   1.78783
   0.58200   1.78961   1.78961
   0.58300   1.79140   1.79140
   0.58400   1.79320   1.79320
   0.58500   1.79499   1.79499
   0.58600   1.79679   1.79679
   0.58700   1.79858   1.79858
   0.58800   1.80038   1.80038
   0.58900   1.80219   1.80219
   0.59000   1.80399   1.80399
   0.59100   1.80579   1.80579
   0.59200   1.80760   1.80760
   0.59300   1.80941   1.80941
   0.59400   1.81122   1.81122
   0.59500   1.81303   1.81303
   0.59600   1.81484   1.81484
   0.59700   1.81666   1.81666
   0.59800   1.81848   1.81848
   0.59900   1.82030   1.82030
   0.60000   1.82212   1.82212
   0.60100   1.82394   1.82394
   0.60200   1.82577   1.82577
   0.60300   1.82759   1.82759
   0.60400   1.82942   1.82942
   0.60500   1.83125   1.83125
   0.60600   1.83308   1.83308
   0.60700   1.83492   1.83492
   0.60800   1.83675   1.83675
   0.60900   1.83859   1.83859
   0.61000   1.84043   1.84043
   0.61100   1.84227   1.84227
   0.61200   1.84412   1.84412
   0.61300   1.84596   1.84596
   0.61400   1.84781   1.84781
   0.61500   1.84966   1.84966
   0.61600   1.85151   1.85151
   0.61700   1.85336   1.85336
   0.61800   1.85521   1.85521
   0.61900   1.85707   1.85707
   0.62000   1.85893   1.85893
   0.62100   1.86079   1.86079
   0.62200   1.86265   1.86265
   0.62300   1.86451   1.86451
   0.62400   1.86638   1.86638
   0.62500   1.86825   1.86825
   0.62600   1.87012   1.87012
   0.62700   1.87199   1.87199
   0.62800   1.87386   1.87386
   0.62900   1.87573   1.87573
   0.63000   1.87761   1.87761
   0.63100   1.87949   1.87949
   0.63200   1.88137   1.88137
   0.63300   1.88325   1.88325
   0.63400   1.88514   1.88514
   0.63500   1.88702   1.88702
   0.63600   1.88891   1.88891
   0.63700   1.89080   1.89080
   0.63800   1.89269   1.89269
   0.63900   1.89459   1.89459
   0.64000   1.89648   1.89648
   0.64100   1.89838   1.89838
   0.64200   1.90028   1.90028
   0.64300   1.90218   1.90218
   0.64400   1.90408   1.90408
   0.64500   1.90599   1.90599
   0.64600   1.90789   1.90789
   0.64700   1.90980   1.90980
   0.64800   1.91171   1.91171
   0.64900   1.91363   1.91363
   0.65000   1.91554   1.91554
   0.65100   1.91746   1.91746
   0.65200   1.91938   1.91938
   0.65300   1.92130   1.92130
   0.65400   1.92322   1.92322
   0.65500   1.92514   1.92514
   0.65600   1.92707   1.92707
   0.65700   1.92900   1.92900
   0.65800   1.93093   1.93093
   0.65900   1.93286   1.93286
   0.66000   1.93479   1.93479
   0.66100   1.93673   1.93673
   0.66200   1.93867   1.93867
   0.66300   1.94061   1.94061
   0.66400   1.94255   1.94255
   0.66500   1.94449   1.94449
   0.66600   1.94644   1.94644
   0.66700   1.94838   1.94838
   0.66800   1.95033   1.95033
   0.66900   1.95228   1.95228
   0.67000   1.95424   1.95424
   0.67100   1.95619   1.95619
   0.67200   1.95815   1.95815
   0.67300   1.96011   1.96011
   0.67400   1.96207   1.96207
   0.67500   1.96403   1.96403
   0.67600   1.96600   1.96600
   0.67700   1.96796   1.96796
   0.67800   1.96993   1.96993
   0.67900   1.97190   1.97190
   0.68000   1.97388   1.97388
   0.68100   1.97585   1.97585
   0.68200   1.97783   1.97783
   0.68300   1.97981   1.97981
   0.68400   1.98179   1.98179
   0.68500   1.98377   1.98377
   0.68600   1.98576   1.98576
   0.68700   1.98774   1.98774
   0.68800   1.98973   1.98973
   0.68900   1.99172   1.99172
   0.69000   1.99372   1.99372
   0.69100   1.99571   1.99571
   0.69200   1.99771   1.99771
   0.69300   1.99971   1.99971
   0.69400   2.00171   2.00171
   0.69500   2.00371   2.00371
   0.69600   2.00571   2.00571
   0.69700   2.00772   2.00772
   0.69800   2.00973   2.00973
   0.69900   2.01174   2.01174
   0.70000   2.01375   2.01375
   0.70100   2.01577   2.01577
   0.70200   2.01778   2.01778
   0.70300   2.01980   2.01980
   0.70400   2.02182   2.02182
   0.70500   2.02385   2.02385
   0.70600   2.02587   2.02587
   0.70700   2.02790   2.02790
   0.70800   2.02993   2.02993
   0.70900   2.03196   2.03196
   0.71000   2.03399   2.03399
   0.71100   2.03603   2.03603
   0.71200   2.03806   2.03806
   0.71300   2.04010   2.04010
   0.71400   2.04214   2.04214
   0.71500   2.04419   2.04419
   0.71600   2.04623   2.04623
   0.71700   2.04828   2.04828
   0.71800   2.05033   2.05033
   0.71900   2.05238   2.05238
   0.72000   2.05443   2.05443
   0.72100   2.05649   2.05649
   0.72200   2.05855   2.05855
   0.72300   2.06061   2.06061
   0.72400   2.06267   2.06267
   0.72500   2.06473   2.06473
   0.72600   2.06680   2.06680
   0.72700   2.06886   2.06886
   0.72800   2.07093   2.07093
   0.72900   2.07301   2.07301
   0.73000   2.07508   2.07508
   0.73100   2.07716   2.07716
   0.73200   2.07923   2.07923
   0.73300   2.08132   2.08132
   0.73400   2.08340   2.08340
   0.73500   2.08548   2.08548
   0.73600   2.08757   2.08757
   0.73700   2.08966   2.08966
   0.73800   2.09175   2.09175
   0.73900   2.09384   2.09384
   0.74000   2.09594   2.09594
   0.74100   2.09803   2.09803
   0.74200   2.10013   2.10013
   0.74300   2.10223   2.10223
   0.74400   2.10434   2.10434
   0.74500   2.10644   2.10644
   0.74600   2.10855   2.10855
   0.74700   2.11066   2.11066
   0.74800   2.11277   2.11277
   0.74900   2.11488   2.11488
   0.75000   2.11700   2.11700
   0.75100   2.11912   2.11912
   0.75200   2.12124   2.12124
   0.75300   2.12336   2.12336
   0.75400   2.12548   2.12548
   0.75500   2.12761   2.12761
   0.75600   2.12974   2.12974
   0.75700   2.13187   2.13187
   0.75800   2.13400   2.13400
   0.75900   2.13614   2.13614
   0.76000   2.13828   2.13828
   0.76100   2.14042   2.14042
   0.76200   2.14256   2.14256
   0.76300   2.14470   2.14470
   0.76400   2.14685   2.14685
   0.76500   2.14899   2.14899
   0.76600   2.15114   2.15114
   0.76700   2.15330   2.15330
   0.76800   2.15545   2.15545
   0.76900   2.15761   2.15761
   0.77000   2.15977   2.15977
   0.77100   2.16193   2.16193
   0.77200   2.16409   2.16409
   0.77300   2.16626   2.16626
   0.77400   2.16842   2.16842
   0.77500   2.17059   2.17059
   0.77600   2.17276   2.17276
   0.77700   2.17494   2.17494
   0.77800   2.17711   2.17711
   0.77900   2.17929   2.17929
   0.78000   2.18147   2.18147
   0.78100   2.18365   2.18365
   0.78200   2.18584   2.18584
   0.78300   2.18803   2.18803
   0.78400   2.19022   2.19022
   0.78500   2.19241   2.19241
   0.78600   2.19460   2.19460
   0.78700   2.19680   2.19680
   0.78800   2.19899   2.19899
   0.78900   2.20119   2.20119
   0.79000   2.20340   2.20340
   0.79100   2.20560   2.20560
   0.79200   2.20781   2.20781
   0.79300   2.21002   2.21002
   0.79400   2.21223   2.21223
   0.79500   2.21444   2.21444
   0.79600   2.21666   2.21666
   0.79700   2.21887   2.21887
   0.79800   2.22109   2.22109
   0.79900   2.22332   2.22332
   0.80000   2.22554   2.22554
   0.80100   2.22777   2.22777
   0.80200   2.23000   2.23000
   0.80300   2.23223   2.23223
   0.80400   2.23446   2.23446
   0.80500   2.23670   2.23670
   0.80600   2.23893   2.23893
   0.80700   2.24117   2.24117
   0.80800   2.24342   2.24342
   0.80900   2.24566   2.24566
   0.81000   2.24791   2.24791
   0.81100   2.25016   2.25016
   0.81200   2.25241   2.25241
   0.81300   2.25466   2.25466
   0.81400   2.25692   2.25692
   0.81500   2.25918   2.25918
   0.81600   2.26144   2.26144
   0.81700   2.26370   2.26370
   0.81800   2.26596   2.26596
   0.81900   2.26823   2.26823
   0.82000   2.27050   2.27050
   0.82100   2.27277   2.27277
   0.82200   2.27505   2.27505
   0.82300   2.27732   2.27732
   0.82400   2.27960   2.27960
   0.82500   2.28188   2.28188
   0.82600   2.28416   2.28416
   0.82700   2.28645   2.28645
   0.82800   2.28874   2.28874
   0.82900   2.29103   2.29103
   0.83000   2.29332   2.29332
   0.83100   2.29561   2.29561
   0.83200   2.29791   2.29791
   0.83300   2.30021   2.30021
   0.83400   2.30251   2.30251
   0.83500   2.30481   2.30481
   0.83600   2.30712   2.30712
   0.83700   2.30943   2.30943
   0.83800   2.31174   2.31174
   0.83900   2.31405   2.31405
   0.84000   2.31637   2.31637
   0.84100   2.31868   2.31868
   0.84200   2.32100   2.32100
   0.84300   2.32333   2.32333
   0.84400   2.32565   2.32565
   0.84500   2.32798   2.32798
   0.84600   2.33031   2.33031
   0.84700   2.33264   2.33264
   0.84800   2.33497   2.33497
   0.84900   2.33731   2.33731
   0.85000   2.33965   2.33965
   0.85100   2.34199   2.34199
   0.85200   2.34433   2.34433
   0.85300   2.34668   2.34668
   0.85400   2.34902   2.34902
   0.85500   2.35137   2.35137
   0.85600   2.35373   2.35373
   0.85700   2.35608   2.35608
   0.85800   2.35844   2.35844
   0.85900   2.36080   2.36080
   0.86000   2.36316   2.36316
   0.86100   2.36553   2.36553
   0.86200   2.36789   2.36789
   0.86300   2.37026   2.37026
   0.86400   2.37263   2.37263
   0.86500   2.37501   2.37501
   0.86600   2.37738   2.37738
   0.86700   2.37976   2.37976
   0.86800   2.38214   2.38214
   0.86900   2.38453   2.38453
   0.87000   2.38691   2.38691
   0.87100   2.38930   2.38930
   0.87200   2.39169   2.39169
   0.87300   2.39408   2.39408
   0.87400   2.39648   2.39648
   0.87500   2.39888   2.39888
   0.87600   2.40128   2.40128
   0.87700   2.40368   2.40368
   0.87800   2.40608   2.40608
   0.87900   2.40849   2.40849
   0.88000   2.41090   2.41090
   0.88100   2.41331   2.41331
   0.88200   2.41573   2.41573
   0.88300   2.41814   2.41814
   0.88400   2.42056   2.42056
   0.88500   2.42298   2.42298
   0.88600   2.42541   2.42541
   0.88700   2.42784   2.42784
   0.88800   2.43026   2.43026
   0.88900   2.43270   2.43270
   0.89000   2.43513   2.43513
   0.89100   2.43757   2.43757
   0.89200   2.44000   2.44000
   0.89300   2.44245   2.44245
   0.89400   2.44489   2.44489
   0.89500   2.44734   2.44734
   0.89600   2.44978   2.44978
   0.89700   2.45224   2.45224
   0.89800   2.45469   2.45469
   0.89900   2.45714   2.45714
   0.90000   2.45960   2.45960
   0.90100   2.46206   2.46206
   0.90200   2.46453   2.46453
   0.90300   2.46699   2.46699
   0.90400   2.46946   2.46946
   0.90500   2.47193   2.47193
   0.90600   2.47441   2.47441
   0.90700   2.47688   2.47688
   0.90800   2.47936   2.47936
   0.90900   2.48184   2.48184
   0.91000   2.48432   2.48432
   0.91100   2.48681   2.48681
   0.91200   2.48930   2.48930
   0.91300   2.49179   2.49179
   0.91400   2.49428   2.49428
   0.91500   2.49678   2.49678
   0.91600   2.49927   2.49927
   0.91700   2.50177   2.50177
   0.91800   2.50428   2.50428
   0.91900   2.50678   2.50678
   0.92000   2.50929   2.50929
   0.92100   2.51180   2.51180
   0.92200   2.51431   2.51431
   0.92300   2.51683   2.51683
   0.92400   2.51935   2.51935
   0.92500   2.52187   2.52187
   0.92600   2.52439   2.52439
   0.92700   2.52692   2.52692
   0.92800   2.52945   2.52945
   0.92900   2.53198   2.53198
   0.93000   2.53451   2.53451
   0.93100   2.53704   2.53704
   0.93200   2.53958   2.53958
   0.93300   2.54212   2.54212
   0.93400   2.54467   2.54467
   0.93500   2.54721   2.54721
   0.93600   2.54976   2.54976
   0.93700   2.55231   2.55231
   0.93800   2.55487   2.55487
   0.93900   2.55742   2.55742
   0.94000   2.55998   2.55998
   0.94100   2.56254   2.56254
   0.94200   2.56511   2.56511
   0.94300   2.56767   2.56767
   0.94400   2.57024   2.57024
   0.94500   2.57281   2.57281
   0.94600   2.57539   2.57539
   0.94700   2.57796   2.57796
   0.94800   2.58054   2.58054
   0.94900   2.58313   2.58313
   0.95000   2.58571   2.58571
   0.95100   2.58830   2.58830
   0.95200   2.59089   2.59089
   0.95300   2.59348   2.59348
   0.95400   2.59607   2.59607
   0.95500   2.59867   2.59867
   0.95600   2.60127   2.60127
   0.95700   2.60387   2.60387
   0.95800   2.60648   2.60648
   0.95900   2.60909   2.60909
   0.96000   2.61170   2.61170
   0.96100   2.61431   2.61431
   0.96200   2.61693   2.61693
   0.96300   2.61954   2.61954
   0.96400   2.62216   2.62216
   0.96500   2.62479   2.62479
   0.96600   2.62741   2.62741
   0.96700   2.63004   2.63004
   0.96800   2.63267   2.63267
   0.96900   2.63531   2.63531
   0.97000   2.63794   2.63794
   0.97100   2.64058   2.64058
   0.97200   2.64323   2.64323
   0.97300   2.64587   2.64587
   0.97400   2.64852   2.64852
   0.97500   2.65117   2.65117
   0.97600   2.65382   2.65382
   0.97700   2.65647   2.65647
   0.97800   2.65913   2.65913
   0.97900   2.66179   2.66179
   0.98000   2.66446   2.66446
   0.98100   2.66712   2.66712
   0.98200   2.66979   2.66979
   0.98300   2.67246   2.67246
   0.98400   2.67514   2.67514
   0.98500   2.67781   2.67781
   0.98600   2.68049   2.68049
   0.98700   2.68317   2.68317
   0.98800   2.68586   2.68586
   0.98900   2.68854   2.68854
   0.99000   2.69123   2.69123
   0.99100   2.69393   2.69393
   0.99200   2.69662   2.69662
   0.99300   2.69932   2.69932
   0.99400   2.70202   2.70202
   0.99500   2.70472   2.70472
   0.99600   2.70743   2.70743
   0.99700   2.71014   2.71014
   0.99800   2.71285   2.71285
   0.99900   2.71556   2.71556
   1.00000   2.71828   2.71828
